        Date	   Open	     High	    Low	     Close*	      Adj Close**	   Volume
Dec 30, 2019	9,004.45	9,006.36	8,909.19	8,945.99	8,945.99	2,042,420,000
Dec 27, 2019	9,049.47	9,052.00	8,987.32	9,006.62	9,006.62	1,832,200,000
Dec 26, 2019	8,970.21	9,022.46	8,968.46	9,022.39	9,022.39	1,634,920,000
Dec 24, 2019	8,955.01	8,957.12	8,934.36	8,952.88	8,952.88	1,014,520,000
Dec 23, 2019	8,950.20	8,956.64	8,934.55	8,945.65	8,945.65	2,025,450,000
Dec 20, 2019	8,911.84	8,931.91	8,901.87	8,924.96	8,924.96	3,825,460,000
Dec 19, 2019	8,838.97	8,888.13	8,838.97	8,887.22	8,887.22	2,415,950,000
Dec 18, 2019	8,834.65	8,848.76	8,820.42	8,827.74	8,827.74	2,727,870,000
Dec 17, 2019	8,829.47	8,831.99	8,804.60	8,823.36	8,823.36	2,374,120,000
Dec 16, 2019	8,791.31	8,833.45	8,789.77	8,814.23	8,814.23	2,346,290,000
Dec 13, 2019	8,713.91	8,768.87	8,697.58	8,734.88	8,734.88	2,188,720,000
Dec 12, 2019	8,645.36	8,745.82	8,633.60	8,717.32	8,717.32	2,388,270,000
Dec 11, 2019	8,631.12	8,658.48	8,622.36	8,654.05	8,654.05	1,937,850,000
Dec 10, 2019	8,623.56	8,650.76	8,600.82	8,616.18	8,616.18	2,053,390,000
Dec 09, 2019	8,650.86	8,678.85	8,619.77	8,621.83	8,621.83	2,088,520,000
Dec 06, 2019	8,634.25	8,665.44	8,630.58	8,656.53	8,656.53	2,053,530,000
Dec 05, 2019	8,587.93	8,588.89	8,541.92	8,570.70	8,570.70	2,123,380,000
Dec 04, 2019	8,557.45	8,584.88	8,552.38	8,566.67	8,566.67	2,150,680,000
Dec 03, 2019	8,460.72	8,523.98	8,435.40	8,520.64	8,520.64	2,308,600,000
Dec 02, 2019	8,672.84	8,672.84	8,540.16	8,567.99	8,567.99	2,225,940,000
Nov 29, 2019	8,682.01	8,697.32	8,664.04	8,665.47	8,665.47	1,099,090,000
Nov 27, 2019	8,669.59	8,705.91	8,662.58	8,705.18	8,705.18	1,744,580,000
Nov 26, 2019	8,635.40	8,659.73	8,625.62	8,647.93	8,647.93	2,434,570,000
Nov 25, 2019	8,559.65	8,633.15	8,559.65	8,632.49	8,632.49	2,256,070,000
Nov 22, 2019	8,530.54	8,535.46	8,477.49	8,519.88	8,519.88	1,877,090,000
Nov 21, 2019	8,527.87	8,530.73	8,487.29	8,506.21	8,506.21	2,056,230,000
Nov 20, 2019	8,543.57	8,578.27	8,468.63	8,526.73	8,526.73	2,596,030,000
Nov 19, 2019	8,578.02	8,589.76	8,536.73	8,570.66	8,570.66	2,075,000,000
Nov 18, 2019	8,529.16	8,559.78	8,503.62	8,549.94	8,549.94	2,047,240,000
Nov 15, 2019	8,524.48	8,540.83	8,506.80	8,540.83	8,540.83	2,188,210,000
Nov 14, 2019	8,461.06	8,485.36	8,441.58	8,479.02	8,479.02	2,106,550,000
Nov 13, 2019	8,455.02	8,496.90	8,451.34	8,482.10	8,482.10	2,173,320,000
Nov 12, 2019	8,471.07	8,514.84	8,462.99	8,486.09	8,486.09	1,987,820,000
Nov 11, 2019	8,431.26	8,467.29	8,425.48	8,464.28	8,464.28	1,715,470,000
Nov 08, 2019	8,422.67	8,475.57	8,405.89	8,475.31	8,475.31	1,974,190,000
Nov 07, 2019	8,455.11	8,483.16	8,415.87	8,434.52	8,434.52	2,393,950,000
Nov 06, 2019	8,426.57	8,426.57	8,379.33	8,410.63	8,410.63	2,332,650,000
Nov 05, 2019	8,446.62	8,457.39	8,421.05	8,434.68	8,434.68	2,316,710,000
Nov 04, 2019	8,445.50	8,451.37	8,421.30	8,433.20	8,433.20	2,149,910,000
Nov 01, 2019	8,335.05	8,386.75	8,326.56	8,386.40	8,386.40	2,057,310,000
Oct 31, 2019	8,314.38	8,321.80	8,248.81	8,292.36	8,292.36	2,258,270,000
Oct 30, 2019	8,284.28	8,315.50	8,241.70	8,303.98	8,303.98	1,928,420,000
Oct 29, 2019	8,313.35	8,319.29	8,275.14	8,276.85	8,276.85	1,834,530,000
Oct 28, 2019	8,285.77	8,335.56	8,285.27	8,325.99	8,325.99	1,956,280,000
Oct 25, 2019	8,150.59	8,249.97	8,150.59	8,243.12	8,243.12	1,894,740,000
Oct 24, 2019	8,180.04	8,187.84	8,137.66	8,185.80	8,185.80	1,882,490,000
Oct 23, 2019	8,090.24	8,122.88	8,078.35	8,119.79	8,119.79	1,805,030,000
Oct 22, 2019	8,188.12	8,194.62	8,101.98	8,104.30	8,104.30	1,847,200,000
Oct 21, 2019	8,137.42	8,164.14	8,117.26	8,162.99	8,162.99	1,752,860,000
Oct 18, 2019	8,149.85	8,157.36	8,045.37	8,089.54	8,089.54	2,012,930,000
Oct 17, 2019	8,176.91	8,183.64	8,131.25	8,156.85	8,156.85	1,861,570,000
Oct 16, 2019	8,119.81	8,146.15	8,103.38	8,124.18	8,124.18	1,886,720,000
Oct 15, 2019	8,074.85	8,166.18	8,071.81	8,148.71	8,148.71	1,836,650,000
Oct 14, 2019	8,044.35	8,069.85	8,036.41	8,048.65	8,048.65	1,419,730,000
Oct 11, 2019	8,047.34	8,115.80	8,046.80	8,057.04	8,057.04	2,176,080,000
Oct 10, 2019	7,904.56	7,982.84	7,899.81	7,950.78	7,950.78	1,778,740,000
Oct 09, 2019	7,895.96	7,930.92	7,873.52	7,903.74	7,903.74	1,553,900,000
Oct 08, 2019	7,898.27	7,921.88	7,823.73	7,823.78	7,823.78	1,933,580,000
Oct 07, 2019	7,956.41	8,013.31	7,942.08	7,956.29	7,956.29	1,739,450,000
Oct 04, 2019	7,908.44	7,986.62	7,899.39	7,982.47	7,982.47	1,736,890,000
Oct 03, 2019	7,787.02	7,872.26	7,700.00	7,872.26	7,872.26	2,141,490,000
Oct 02, 2019	7,851.13	7,852.70	7,744.96	7,785.25	7,785.25	2,495,160,000
Oct 01, 2019	8,026.83	8,062.50	7,906.29	7,908.68	7,908.68	2,243,650,000
Sep 30, 2019	7,964.09	8,012.16	7,949.63	7,999.34	7,999.34	1,805,820,000
Sep 27, 2019	8,047.11	8,051.83	7,890.28	7,939.63	7,939.63	2,037,720,000
Sep 26, 2019	8,070.12	8,072.11	7,991.02	8,030.66	8,030.66	1,832,800,000
Sep 25, 2019	7,990.66	8,095.00	7,935.57	8,077.38	8,077.38	2,015,270,000
Sep 24, 2019	8,147.23	8,158.83	7,969.65	7,993.63	7,993.63	2,302,600,000
Sep 23, 2019	8,106.49	8,135.81	8,085.34	8,112.46	8,112.46	1,780,160,000
Sep 20, 2019	8,184.88	8,202.82	8,086.16	8,117.67	8,117.67	3,359,380,000
Sep 19, 2019	8,193.59	8,237.43	8,174.32	8,182.88	8,182.88	1,792,700,000
Sep 18, 2019	8,174.62	8,179.87	8,086.22	8,177.39	8,177.39	2,034,880,000
Sep 17, 2019	8,148.65	8,188.23	8,139.82	8,186.02	8,186.02	1,850,340,000
Sep 16, 2019	8,121.64	8,165.33	8,121.25	8,153.54	8,153.54	1,869,220,000
Sep 13, 2019	8,190.57	8,210.20	8,165.47	8,176.71	8,176.71	1,976,770,000
Sep 12, 2019	8,206.58	8,243.80	8,176.73	8,194.47	8,194.47	2,159,260,000
Sep 11, 2019	8,091.68	8,169.68	8,081.56	8,169.68	8,169.68	2,310,440,000
Sep 10, 2019	8,049.98	8,086.53	8,001.68	8,084.16	8,084.16	2,362,860,000
Sep 09, 2019	8,130.91	8,131.66	8,052.34	8,087.44	8,087.44	2,172,240,000
Sep 06, 2019	8,125.58	8,134.39	8,098.52	8,103.07	8,103.07	1,876,380,000
Sep 05, 2019	8,061.29	8,134.42	8,061.29	8,116.83	8,116.83	2,096,300,000
Sep 04, 2019	7,949.81	7,981.41	7,928.94	7,976.88	7,976.88	1,891,300,000
Sep 03, 2019	7,906.44	7,940.37	7,847.32	7,874.16	7,874.16	1,936,210,000
Aug 30, 2019	8,015.16	8,017.91	7,914.74	7,962.88	7,962.88	1,665,840,000
Aug 29, 2019	7,945.78	7,992.29	7,925.83	7,973.39	7,973.39	1,700,840,000
Aug 28, 2019	7,798.35	7,866.87	7,766.67	7,856.88	7,856.88	1,656,930,000
Aug 27, 2019	7,908.78	7,916.83	7,795.18	7,826.95	7,826.95	1,913,760,000
Aug 26, 2019	7,829.58	7,856.04	7,789.05	7,853.74	7,853.74	1,688,860,000
Aug 23, 2019	7,943.65	8,005.34	7,730.77	7,751.77	7,751.77	2,207,070,000
Aug 22, 2019	8,038.79	8,048.58	7,937.12	7,991.39	7,991.39	1,777,630,000
Aug 21, 2019	8,017.07	8,036.94	7,998.50	8,020.21	8,020.21	1,716,370,000
Aug 20, 2019	7,989.36	8,010.58	7,948.09	7,948.56	7,948.56	1,747,580,000
Aug 19, 2019	8,006.18	8,026.75	7,895.99	8,002.81	8,002.81	1,934,980,000
Aug 16, 2019	7,828.35	7,907.52	7,828.35	7,895.99	7,895.99	1,995,130,000
Aug 15, 2019	7,790.20	7,805.93	7,716.55	7,766.62	7,766.62	2,182,590,000
Aug 14, 2019	7,877.33	7,900.28	7,762.87	7,773.94	7,773.94	2,522,870,000
Aug 13, 2019	7,852.37	8,065.24	7,851.58	8,016.36	8,016.36	2,346,980,000
Aug 12, 2019	7,907.49	7,924.99	7,833.79	7,863.41	7,863.41	2,056,360,000
Aug 09, 2019	7,997.19	8,020.56	7,910.35	7,959.14	7,959.14	2,224,330,000
Aug 08, 2019	7,921.59	8,041.12	7,896.15	8,039.16	8,039.16	2,415,670,000
Aug 07, 2019	7,747.27	7,881.38	7,702.42	7,862.83	7,862.83	2,453,230,000
Aug 06, 2019	7,804.51	7,845.01	7,739.57	7,833.27	7,833.27	2,201,610,000
Aug 05, 2019	7,823.33	7,836.45	7,662.90	7,726.04	7,726.04	2,636,740,000
Aug 02, 2019	8,056.42	8,068.80	7,953.67	8,004.07	8,004.07	2,252,550,000
Aug 01, 2019	8,190.56	8,311.04	8,080.52	8,111.12	8,111.12	2,792,650,000
Jul 31, 2019	8,290.80	8,299.83	8,110.02	8,175.42	8,175.42	2,667,060,000
Jul 30, 2019	8,231.77	8,295.46	8,228.02	8,273.61	8,273.61	1,884,300,000
Jul 29, 2019	8,325.10	8,325.28	8,247.37	8,293.33	8,293.33	1,874,780,000
Jul 26, 2019	8,294.30	8,339.64	8,291.12	8,330.21	8,330.21	1,954,350,000
Jul 25, 2019	8,294.68	8,295.95	8,233.40	8,238.54	8,238.54	2,023,130,000
Jul 24, 2019	8,227.36	8,321.81	8,226.50	8,321.50	8,321.50	1,947,550,000
Jul 23, 2019	8,242.50	8,251.83	8,193.89	8,251.40	8,251.40	1,832,220,000
Jul 22, 2019	8,171.99	8,218.42	8,171.54	8,204.14	8,204.14	1,845,770,000
Jul 19, 2019	8,241.34	8,245.78	8,144.63	8,146.49	8,146.49	1,878,730,000
Jul 18, 2019	8,151.76	8,215.58	8,135.12	8,207.24	8,207.24	2,016,310,000
Jul 17, 2019	8,224.00	8,230.67	8,184.66	8,185.21	8,185.21	1,846,960,000
Jul 16, 2019	8,251.66	8,259.75	8,204.23	8,222.80	8,222.80	1,933,960,000
Jul 15, 2019	8,263.18	8,264.78	8,236.27	8,258.19	8,258.19	1,783,980,000
Jul 12, 2019	8,209.20	8,245.66	8,201.52	8,244.14	8,244.14	1,824,870,000
Jul 11, 2019	8,219.28	8,226.18	8,171.63	8,196.04	8,196.04	1,966,970,000
Jul 10, 2019	8,183.19	8,228.60	8,160.56	8,202.53	8,202.53	2,060,510,000
Jul 09, 2019	8,061.41	8,146.98	8,061.32	8,141.73	8,141.73	1,866,770,000
Jul 08, 2019	8,112.91	8,161.79	8,078.39	8,098.38	8,098.38	177,320,000
Jul 05, 2019	8,123.28	8,171.97	8,093.66	8,161.79	8,161.79	149,410,000
Jul 03, 2019	8,129.57	8,170.23	8,122.34	8,170.23	8,170.23	1,548,190,000
Jul 02, 2019	8,086.65	8,109.37	8,063.11	8,109.09	8,109.09	1,946,320,000
Jul 01, 2019	8,145.85	8,150.45	8,059.29	8,091.16	8,091.16	2,208,900,000
Jun 28, 2019	7,988.76	8,010.15	7,961.46	8,006.24	8,006.24	4,078,990,000
Jun 27, 2019	7,939.36	7,976.58	7,935.47	7,967.76	7,967.76	2,023,120,000
Jun 26, 2019	7,933.92	7,974.28	7,903.07	7,909.97	7,909.97	2,104,750,000
Jun 25, 2019	8,005.27	8,007.31	7,879.15	7,884.72	7,884.72	2,127,310,000
Jun 24, 2019	8,040.58	8,047.56	8,004.63	8,005.70	8,005.70	2,070,370,000
Jun 21, 2019	8,028.69	8,073.02	8,011.20	8,031.71	8,031.71	2,894,340,000
Jun 20, 2019	8,087.45	8,088.88	7,996.87	8,051.34	8,051.34	2,053,530,000
Jun 19, 2019	7,970.26	7,998.59	7,930.38	7,987.32	7,987.32	2,014,080,000
Jun 18, 2019	7,920.98	8,005.21	7,911.67	7,953.88	7,953.88	2,244,920,000
Jun 17, 2019	7,819.43	7,865.98	7,812.61	7,845.02	7,845.02	1,935,290,000
Jun 14, 2019	7,807.19	7,819.21	7,778.12	7,796.66	7,796.66	1,804,340,000
Jun 13, 2019	7,822.56	7,848.36	7,813.60	7,837.13	7,837.13	1,838,930,000
Jun 12, 2019	7,803.13	7,819.16	7,773.97	7,792.72	7,792.72	1,952,790,000
Jun 11, 2019	7,901.04	7,909.99	7,798.63	7,822.57	7,822.57	2,114,680,000
Jun 10, 2019	7,798.87	7,895.44	7,795.76	7,823.17	7,823.17	2,049,370,000
Jun 07, 2019	7,652.97	7,767.02	7,647.91	7,742.10	7,742.10	2,066,020,000
Jun 06, 2019	7,582.24	7,634.12	7,546.22	7,615.55	7,615.55	2,070,940,000
Jun 05, 2019	7,585.68	7,589.47	7,498.17	7,575.48	7,575.48	2,115,570,000
Jun 04, 2019	7,413.94	7,529.50	7,385.02	7,527.12	7,527.12	2,369,150,000
Jun 03, 2019	7,441.21	7,457.66	7,292.22	7,333.02	7,333.02	2,576,920,000
May 31, 2019	7,470.95	7,506.86	7,448.23	7,453.15	7,453.15	2,236,940,000
May 30, 2019	7,565.46	7,595.90	7,527.66	7,567.72	7,567.72	1,872,000,000
May 29, 2019	7,553.02	7,581.11	7,503.94	7,547.31	7,547.31	2,278,790,000
May 28, 2019	7,655.66	7,693.74	7,603.76	7,607.35	7,607.35	2,352,670,000
May 24, 2019	7,675.57	7,694.15	7,631.25	7,637.01	7,637.01	1,682,920,000
May 23, 2019	7,660.72	7,665.15	7,585.32	7,628.28	7,628.28	2,243,420,000
May 22, 2019	7,749.80	7,786.33	7,738.35	7,750.84	7,750.84	1,881,830,000
May 21, 2019	7,765.57	7,804.44	7,752.92	7,785.72	7,785.72	1,993,210,000
May 20, 2019	7,714.06	7,747.27	7,678.35	7,702.38	7,702.38	2,122,410,000
May 17, 2019	7,829.03	7,918.71	7,810.35	7,816.28	7,816.28	2,134,120,000
May 16, 2019	7,832.58	7,946.23	7,826.67	7,898.05	7,898.05	2,163,120,000
May 15, 2019	7,682.80	7,838.72	7,682.24	7,822.15	7,822.15	2,001,530,000
May 14, 2019	7,689.66	7,776.20	7,665.30	7,734.49	7,734.49	2,084,850,000
May 13, 2019	7,720.07	7,760.83	7,627.22	7,647.02	7,647.02	2,478,860,000
May 10, 2019	7,881.31	7,949.34	7,759.34	7,916.94	7,916.94	2,387,720,000
May 09, 2019	7,853.21	7,929.78	7,796.16	7,910.59	7,910.59	2,520,770,000
May 08, 2019	7,946.24	8,004.49	7,923.35	7,943.32	7,943.32	2,175,100,000
May 07, 2019	8,043.52	8,070.97	7,899.02	7,963.76	7,963.76	2,376,660,000
May 06, 2019	7,981.85	8,135.54	7,981.85	8,123.29	8,123.29	1,966,120,000
May 03, 2019	8,092.88	8,164.71	8,084.80	8,164.00	8,164.00	2,046,040,000
May 02, 2019	8,046.48	8,094.06	7,976.77	8,036.77	8,036.77	2,158,600,000
May 01, 2019	8,132.93	8,146.00	8,048.23	8,049.64	8,049.64	2,247,420,000
Apr 30, 2019	8,104.91	8,124.61	8,050.55	8,095.39	8,095.39	2,115,770,000
Apr 29, 2019	8,147.65	8,176.08	8,136.41	8,161.85	8,161.85	1,761,110,000
Apr 26, 2019	8,100.28	8,146.42	8,060.89	8,146.40	8,146.40	1,971,270,000
Apr 25, 2019	8,150.85	8,151.84	8,075.41	8,118.68	8,118.68	2,063,270,000
Apr 24, 2019	8,122.88	8,139.55	8,101.70	8,102.01	8,102.01	2,022,490,000
Apr 23, 2019	8,026.75	8,128.87	8,023.81	8,120.82	8,120.82	2,075,070,000
Apr 22, 2019	7,969.37	8,017.15	7,965.90	8,015.27	8,015.27	1,776,060,000
Apr 18, 2019	7,998.45	8,002.31	7,950.97	7,998.06	7,998.06	2,089,360,000
Apr 17, 2019	8,044.97	8,052.40	7,973.38	7,996.08	7,996.08	2,290,690,000
Apr 16, 2019	8,000.57	8,017.56	7,978.81	8,000.23	8,000.23	2,095,330,000
Apr 15, 2019	7,987.16	7,993.33	7,933.57	7,976.01	7,976.01	1,816,920,000
Apr 12, 2019	7,984.15	7,992.09	7,952.61	7,984.16	7,984.16	1,955,290,000
Apr 11, 2019	7,975.20	7,975.20	7,933.41	7,947.36	7,947.36	1,956,840,000
Apr 10, 2019	7,922.73	7,965.33	7,916.90	7,964.24	7,964.24	1,998,280,000
Apr 09, 2019	7,924.77	7,945.55	7,897.61	7,909.28	7,909.28	2,067,570,000
Apr 08, 2019	7,924.89	7,955.90	7,891.85	7,953.88	7,953.88	2,069,190,000
Apr 05, 2019	7,914.51	7,940.45	7,909.14	7,938.69	7,938.69	2,148,730,000
Apr 04, 2019	7,894.26	7,917.65	7,844.96	7,891.78	7,891.78	2,094,200,000
Apr 03, 2019	7,891.18	7,938.26	7,870.90	7,895.55	7,895.55	2,487,210,000
Apr 02, 2019	7,824.61	7,854.92	7,811.28	7,848.69	7,848.69	2,110,100,000
Apr 01, 2019	7,800.24	7,831.45	7,777.09	7,828.91	7,828.91	2,198,050,000
Mar 29, 2019	7,726.71	7,733.62	7,688.51	7,729.32	7,729.32	2,233,470,000
Mar 28, 2019	7,660.07	7,689.16	7,619.82	7,669.17	7,669.17	1,902,060,000
Mar 27, 2019	7,702.05	7,712.84	7,582.09	7,643.38	7,643.38	2,221,650,000
Mar 26, 2019	7,700.00	7,738.17	7,649.21	7,691.52	7,691.52	2,068,900,000
Mar 25, 2019	7,618.98	7,662.38	7,579.29	7,637.54	7,637.54	2,130,230,000
Mar 22, 2019	7,800.25	7,817.83	7,642.57	7,642.67	7,642.67	2,490,730,000
Mar 21, 2019	7,705.43	7,850.11	7,705.43	7,838.96	7,838.96	2,483,580,000
Mar 20, 2019	7,721.95	7,779.24	7,674.04	7,728.97	7,728.97	2,424,400,000
Mar 19, 2019	7,747.40	7,767.89	7,699.15	7,723.95	7,723.95	2,433,160,000
Mar 18, 2019	7,696.38	7,737.67	7,677.74	7,714.48	7,714.48	2,274,490,000
Mar 15, 2019	7,658.41	7,714.96	7,652.04	7,688.53	7,688.53	3,447,190,000
Mar 14, 2019	7,644.79	7,653.10	7,627.02	7,630.91	7,630.91	2,176,510,000
Mar 13, 2019	7,621.38	7,677.07	7,619.46	7,643.41	7,643.41	2,366,350,000
Mar 12, 2019	7,571.85	7,611.13	7,560.46	7,591.03	7,591.03	2,161,400,000
Mar 11, 2019	7,442.56	7,558.23	7,442.40	7,558.06	7,558.06	2,226,950,000
Mar 08, 2019	7,334.35	7,411.52	7,332.92	7,408.14	7,408.14	2,245,430,000
Mar 07, 2019	7,483.79	7,489.08	7,397.19	7,421.46	7,421.46	2,440,840,000
Mar 06, 2019	7,575.38	7,579.02	7,499.87	7,505.92	7,505.92	2,242,810,000
Mar 05, 2019	7,582.29	7,598.66	7,543.54	7,576.36	7,576.36	2,142,610,000
Mar 04, 2019	7,636.62	7,643.66	7,501.56	7,577.57	7,577.57	2,569,590,000
Mar 01, 2019	7,587.45	7,603.04	7,540.75	7,595.35	7,595.35	2,463,190,000
Feb 28, 2019	7,533.31	7,561.90	7,516.48	7,532.53	7,532.53	2,647,080,000
Feb 27, 2019	7,526.42	7,562.29	7,485.39	7,554.51	7,554.51	2,423,360,000
Feb 26, 2019	7,535.29	7,573.22	7,524.31	7,549.30	7,549.30	2,257,710,000
Feb 25, 2019	7,585.30	7,602.69	7,551.61	7,554.46	7,554.46	2,363,140,000
Feb 22, 2019	7,481.63	7,527.54	7,479.01	7,527.54	7,527.54	2,417,680,000
Feb 21, 2019	7,475.41	7,485.75	7,430.89	7,459.71	7,459.71	2,119,080,000
Feb 20, 2019	7,490.31	7,513.70	7,455.25	7,489.07	7,489.07	2,181,760,000
Feb 19, 2019	7,450.75	7,507.79	7,450.27	7,486.77	7,486.77	2,120,790,000
Feb 15, 2019	7,468.57	7,477.28	7,440.26	7,472.41	7,472.41	2,257,750,000
Feb 14, 2019	7,390.25	7,454.42	7,375.71	7,426.95	7,426.95	2,103,370,000
Feb 13, 2019	7,437.46	7,461.66	7,413.84	7,420.38	7,420.38	2,093,800,000
Feb 12, 2019	7,358.85	7,419.43	7,349.80	7,414.62	7,414.62	2,124,330,000
Feb 11, 2019	7,327.37	7,343.56	7,290.03	7,307.90	7,307.90	1,897,800,000
Feb 08, 2019	7,232.30	7,299.44	7,225.14	7,298.20	7,298.20	2,086,260,000
Feb 07, 2019	7,316.50	7,336.74	7,235.05	7,288.35	7,288.35	2,295,080,000
Feb 06, 2019	7,400.44	7,410.77	7,346.72	7,375.28	7,375.28	2,167,130,000
Feb 05, 2019	7,356.34	7,408.68	7,355.36	7,402.08	7,402.08	2,265,520,000
Feb 04, 2019	7,266.28	7,348.23	7,261.07	7,347.54	7,347.54	2,099,470,000
Feb 01, 2019	7,256.37	7,299.94	7,243.41	7,263.87	7,263.87	2,383,430,000
Jan 31, 2019	7,208.17	7,303.12	7,205.95	7,281.74	7,281.74	2,918,710,000
Jan 30, 2019	7,094.79	7,201.31	7,065.57	7,183.08	7,183.08	2,544,050,000
Jan 29, 2019	7,087.49	7,092.29	7,011.47	7,028.29	7,028.29	2,089,690,000
Jan 28, 2019	7,075.01	7,086.30	7,034.25	7,085.68	7,085.68	2,435,480,000
Jan 25, 2019	7,128.18	7,174.56	7,111.09	7,164.86	7,164.86	2,440,840,000
Jan 24, 2019	7,042.25	7,078.96	7,029.95	7,073.46	7,073.46	2,400,290,000
Jan 23, 2019	7,061.65	7,084.85	6,953.23	7,025.77	7,025.77	2,274,420,000
Jan 22, 2019	7,109.57	7,110.16	6,979.81	7,020.36	7,020.36	2,380,950,000
Jan 18, 2019	7,134.10	7,185.38	7,096.62	7,157.23	7,157.23	2,451,240,000
Jan 17, 2019	7,010.13	7,113.95	7,003.62	7,084.46	7,084.46	2,128,840,000
Jan 16, 2019	7,033.75	7,079.63	7,028.12	7,034.69	7,034.69	2,149,580,000
Jan 15, 2019	6,931.39	7,025.85	6,928.12	7,023.83	7,023.83	2,038,090,000
Jan 14, 2019	6,908.03	6,936.22	6,887.48	6,905.92	6,905.92	1,942,210,000
Jan 11, 2019	6,947.46	6,975.65	6,933.60	6,971.48	6,971.48	2,066,500,000
Jan 10, 2019	6,908.65	6,991.37	6,877.08	6,986.07	6,986.07	2,179,080,000
Jan 09, 2019	6,923.06	6,985.22	6,899.56	6,957.08	6,957.08	2,422,590,000
Jan 08, 2019	6,893.44	6,909.58	6,795.86	6,897.00	6,897.00	2,380,290,000
Jan 07, 2019	6,757.53	6,855.60	6,741.40	6,823.47	6,823.47	2,507,550,000
Jan 04, 2019	6,567.14	6,760.69	6,554.24	6,738.86	6,738.86	2,579,550,000
Jan 03, 2019	6,584.77	6,600.21	6,457.13	6,463.50	6,463.50	2,607,290,000
Jan 02, 2019	6,506.91	6,693.71	6,506.88	6,665.94	6,665.94	2,261,800,000
