Date	          Open	    High	     Low	     Close*	Adj Close**	  Volume
Dec 30, 2014	4,793.61	4,803.89	4,772.88	4,777.44	4,777.44	1,269,200,000
Dec 29, 2014	4,801.26	4,813.72	4,798.90	4,806.91	4,806.91	1,227,740,000
Dec 26, 2014	4,788.06	4,814.95	4,787.85	4,806.86	4,806.86	930,220,000
Dec 24, 2014	4,770.12	4,787.57	4,768.67	4,773.47	4,773.47	729,750,000
Dec 23, 2014	4,798.03	4,798.06	4,761.39	4,765.42	4,765.42	1,590,820,000
Dec 22, 2014	4,759.04	4,781.93	4,757.80	4,781.42	4,781.42	1,720,070,000
Dec 19, 2014	4,752.60	4,782.13	4,738.29	4,765.38	4,765.38	3,287,920,000
Dec 18, 2014	4,712.39	4,748.40	4,697.09	4,748.40	4,748.40	2,172,260,000
Dec 17, 2014	4,556.90	4,651.90	4,550.70	4,644.31	4,644.31	2,279,930,000
Dec 16, 2014	4,572.79	4,645.19	4,547.31	4,547.83	4,547.83	2,231,670,000
Dec 15, 2014	4,679.67	4,690.58	4,592.43	4,605.16	4,605.16	2,143,610,000
Dec 12, 2014	4,665.35	4,707.92	4,653.60	4,653.60	4,653.60	1,888,870,000
Dec 11, 2014	4,704.65	4,759.88	4,699.43	4,708.16	4,708.16	1,873,050,000
Dec 10, 2014	4,754.42	4,766.64	4,679.25	4,684.02	4,684.02	1,850,810,000
Dec 09, 2014	4,685.20	4,768.41	4,674.38	4,766.47	4,766.47	1,950,330,000
Dec 08, 2014	4,769.76	4,793.24	4,722.91	4,740.69	4,740.69	1,966,770,000
Dec 05, 2014	4,776.58	4,788.98	4,769.64	4,780.76	4,780.76	1,767,100,000
Dec 04, 2014	4,772.00	4,785.41	4,753.71	4,769.44	4,769.44	1,724,090,000
Dec 03, 2014	4,761.31	4,781.37	4,745.14	4,774.47	4,774.47	1,734,510,000
Dec 02, 2014	4,732.97	4,761.63	4,729.76	4,755.81	4,755.81	1,839,170,000
Dec 01, 2014	4,777.73	4,782.07	4,724.62	4,727.35	4,727.35	1,893,600,000
Nov 28, 2014	4,797.10	4,810.86	4,786.72	4,791.63	4,791.63	998,600,000
Nov 26, 2014	4,760.23	4,788.00	4,757.48	4,787.32	4,787.32	1,362,930,000
Nov 25, 2014	4,762.39	4,774.52	4,749.92	4,758.25	4,758.25	1,720,140,000
Nov 24, 2014	4,725.17	4,755.02	4,723.62	4,754.89	4,754.89	1,568,130,000
Nov 21, 2014	4,751.01	4,751.60	4,700.73	4,712.97	4,712.97	1,854,340,000
Nov 20, 2014	4,655.20	4,702.97	4,653.33	4,701.87	4,701.87	1,667,330,000
Nov 19, 2014	4,694.78	4,696.20	4,655.72	4,675.71	4,675.71	1,641,560,000
Nov 18, 2014	4,674.84	4,709.83	4,674.30	4,702.44	4,702.44	1,655,760,000
Nov 17, 2014	4,678.44	4,689.53	4,655.20	4,671.00	4,671.00	1,695,070,000
Nov 14, 2014	4,679.85	4,688.74	4,664.31	4,688.54	4,688.54	1,739,950,000
Nov 13, 2014	4,681.56	4,703.10	4,664.27	4,680.14	4,680.14	1,857,580,000
Nov 12, 2014	4,644.63	4,678.58	4,643.78	4,675.14	4,675.14	1,773,060,000
Nov 11, 2014	4,649.19	4,661.23	4,640.24	4,660.56	4,660.56	1,663,690,000
Nov 10, 2014	4,635.10	4,653.38	4,626.49	4,651.62	4,651.62	1,830,010,000
Nov 07, 2014	4,636.89	4,638.80	4,606.81	4,632.53	4,632.53	1,978,830,000
Nov 06, 2014	4,616.78	4,639.17	4,604.76	4,638.47	4,638.47	1,986,820,000
Nov 05, 2014	4,649.47	4,650.39	4,607.73	4,620.72	4,620.72	2,001,870,000
Nov 04, 2014	4,623.77	4,635.95	4,594.92	4,623.64	4,623.64	1,939,320,000
Nov 03, 2014	4,633.71	4,654.19	4,627.42	4,638.91	4,638.91	2,033,000,000
Oct 31, 2014	4,639.45	4,641.51	4,616.58	4,630.74	4,630.74	2,424,360,000
Oct 30, 2014	4,532.10	4,575.50	4,521.79	4,566.14	4,566.14	2,034,960,000
Oct 29, 2014	4,551.37	4,564.44	4,517.02	4,549.23	4,549.23	2,184,050,000
Oct 28, 2014	4,505.73	4,564.29	4,505.11	4,564.29	4,564.29	1,966,920,000
Oct 27, 2014	4,469.02	4,489.60	4,450.29	4,485.93	4,485.93	1,585,580,000
Oct 24, 2014	4,459.46	4,486.26	4,445.85	4,483.72	4,483.72	1,754,300,000
Oct 23, 2014	4,427.44	4,475.55	4,421.56	4,452.79	4,452.79	1,952,380,000
Oct 22, 2014	4,429.16	4,435.86	4,381.28	4,382.85	4,382.85	1,967,020,000
Oct 21, 2014	4,359.17	4,419.48	4,356.10	4,419.48	4,419.48	1,997,580,000
Oct 20, 2014	4,254.16	4,316.87	4,248.22	4,316.07	4,316.07	1,717,370,000
Oct 17, 2014	4,275.09	4,296.11	4,241.67	4,258.44	4,258.44	2,260,070,000
Oct 16, 2014	4,133.25	4,246.01	4,131.65	4,217.39	4,217.39	2,591,940,000
Oct 15, 2014	4,154.10	4,231.54	4,116.60	4,215.32	4,215.32	3,058,740,000
Oct 14, 2014	4,246.23	4,281.34	4,212.82	4,227.17	4,227.17	2,496,120,000
Oct 13, 2014	4,274.91	4,303.82	4,212.87	4,213.66	4,213.66	2,467,830,000
Oct 10, 2014	4,354.63	4,380.51	4,276.24	4,276.24	4,276.24	2,765,750,000
Oct 09, 2014	4,458.29	4,464.13	4,377.28	4,378.34	4,378.34	2,264,220,000
Oct 08, 2014	4,385.70	4,473.73	4,355.34	4,468.59	4,468.59	2,451,630,000
Oct 07, 2014	4,433.91	4,441.76	4,385.15	4,385.20	4,385.20	2,111,360,000
Oct 06, 2014	4,492.40	4,496.26	4,444.10	4,454.80	4,454.80	1,828,240,000
Oct 03, 2014	4,456.81	4,488.07	4,445.72	4,475.62	4,475.62	1,777,640,000
Oct 02, 2014	4,421.25	4,441.95	4,367.74	4,430.20	4,430.20	2,165,500,000
Oct 01, 2014	4,486.65	4,486.79	4,409.30	4,422.09	4,422.09	2,312,630,000
Sep 30, 2014	4,512.64	4,522.06	4,483.91	4,493.39	4,493.39	2,200,380,000
Sep 29, 2014	4,465.84	4,515.24	4,464.44	4,505.85	4,505.85	1,737,750,000
Sep 26, 2014	4,476.48	4,515.75	4,475.48	4,512.19	4,512.19	1,637,480,000
Sep 25, 2014	4,540.82	4,546.93	4,466.64	4,466.75	4,466.75	1,939,610,000
Sep 24, 2014	4,514.92	4,557.27	4,500.13	4,555.22	4,555.22	1,765,260,000
Sep 23, 2014	4,511.32	4,536.03	4,508.42	4,508.69	4,508.69	1,847,730,000
Sep 22, 2014	4,568.45	4,568.87	4,513.12	4,527.69	4,527.69	1,881,520,000
Sep 19, 2014	4,606.13	4,610.57	4,563.44	4,579.79	4,579.79	3,178,490,000
Sep 18, 2014	4,575.74	4,593.98	4,572.62	4,593.43	4,593.43	1,774,840,000
Sep 17, 2014	4,553.96	4,582.40	4,539.36	4,562.19	4,562.19	1,796,710,000
Sep 16, 2014	4,502.11	4,558.24	4,499.87	4,552.76	4,552.76	1,879,350,000
Sep 15, 2014	4,567.45	4,567.47	4,506.73	4,518.90	4,518.90	1,940,520,000
Sep 12, 2014	4,588.77	4,590.08	4,555.68	4,567.60	4,567.60	1,784,170,000
Sep 11, 2014	4,567.64	4,591.81	4,559.75	4,591.81	4,591.81	1,704,850,000
Sep 10, 2014	4,554.15	4,587.10	4,544.84	4,586.52	4,586.52	1,808,650,000
Sep 09, 2014	4,588.83	4,599.03	4,544.44	4,552.29	4,552.29	1,956,550,000
Sep 08, 2014	4,579.06	4,600.40	4,570.23	4,592.29	4,592.29	1,670,210,000
Sep 05, 2014	4,560.63	4,583.00	4,542.74	4,582.90	4,582.90	1,641,830,000
Sep 04, 2014	4,581.52	4,603.15	4,553.31	4,562.29	4,562.29	1,728,700,000
Sep 03, 2014	4,610.14	4,610.14	4,565.38	4,572.56	4,572.56	1,897,450,000
Sep 02, 2014	4,592.42	4,598.64	4,576.81	4,598.19	4,598.19	1,859,080,000
Aug 29, 2014	4,571.76	4,580.27	4,553.78	4,580.27	4,580.27	1,352,830,000
Aug 28, 2014	4,552.55	4,565.96	4,546.62	4,557.70	4,557.70	1,309,580,000
Aug 27, 2014	4,574.35	4,575.81	4,561.84	4,569.62	4,569.62	1,389,470,000
Aug 26, 2014	4,563.81	4,575.59	4,556.78	4,570.64	4,570.64	1,469,620,000
Aug 25, 2014	4,563.72	4,571.14	4,547.78	4,557.35	4,557.35	1,384,620,000
Aug 22, 2014	4,534.87	4,547.24	4,521.77	4,538.55	4,538.55	1,311,810,000
Aug 21, 2014	4,526.72	4,534.00	4,513.81	4,532.10	4,532.10	1,421,730,000
Aug 20, 2014	4,517.75	4,533.01	4,515.73	4,526.48	4,526.48	1,502,290,000
Aug 19, 2014	4,514.26	4,528.91	4,513.92	4,527.51	4,527.51	1,556,560,000
Aug 18, 2014	4,490.53	4,509.16	4,486.44	4,508.31	4,508.31	1,571,100,000
Aug 15, 2014	4,479.64	4,482.47	4,427.13	4,464.93	4,464.93	1,799,460,000
Aug 14, 2014	4,438.13	4,453.00	4,433.94	4,453.00	4,453.00	1,549,820,000
Aug 13, 2014	4,407.87	4,434.31	4,403.64	4,434.13	4,434.13	1,611,690,000
Aug 12, 2014	4,394.69	4,407.08	4,371.84	4,389.25	4,389.25	1,560,220,000
Aug 11, 2014	4,387.38	4,415.78	4,384.15	4,401.33	4,401.33	1,537,880,000
Aug 08, 2014	4,340.88	4,373.12	4,327.87	4,370.90	4,370.90	1,759,060,000
Aug 07, 2014	4,373.25	4,379.70	4,321.89	4,334.97	4,334.97	1,866,330,000
Aug 06, 2014	4,326.28	4,378.99	4,325.04	4,355.05	4,355.05	1,819,310,000
Aug 05, 2014	4,364.59	4,383.02	4,333.58	4,352.84	4,352.84	1,916,180,000
Aug 04, 2014	4,365.62	4,395.38	4,343.03	4,383.89	4,383.89	1,677,400,000
Aug 01, 2014	4,363.39	4,385.05	4,324.02	4,352.64	4,352.64	2,050,340,000
Jul 31, 2014	4,421.29	4,430.80	4,367.15	4,369.77	4,369.77	2,273,380,000
Jul 30, 2014	4,468.44	4,476.06	4,444.51	4,462.90	4,462.90	1,872,430,000
Jul 29, 2014	4,456.07	4,470.97	4,441.03	4,442.70	4,442.70	2,090,810,000
Jul 28, 2014	4,451.12	4,455.39	4,413.92	4,444.91	4,444.91	1,783,250,000
Jul 25, 2014	4,448.06	4,457.95	4,430.43	4,449.56	4,449.56	1,711,430,000
Jul 24, 2014	4,481.61	4,485.50	4,465.94	4,472.11	4,472.11	1,935,090,000
Jul 23, 2014	4,468.16	4,480.73	4,457.95	4,473.70	4,473.70	1,909,810,000
Jul 22, 2014	4,444.94	4,464.13	4,443.35	4,456.02	4,456.02	1,724,440,000
Jul 21, 2014	4,421.20	4,432.42	4,404.51	4,424.70	4,424.70	1,557,820,000
Jul 18, 2014	4,379.94	4,434.44	4,378.22	4,432.15	4,432.15	1,823,580,000
Jul 17, 2014	4,411.52	4,425.38	4,352.23	4,363.45	4,363.45	2,055,240,000
Jul 16, 2014	4,446.17	4,448.87	4,419.71	4,425.97	4,425.97	2,059,340,000
Jul 15, 2014	4,444.91	4,451.93	4,389.70	4,416.39	4,416.39	1,772,030,000
Jul 14, 2014	4,441.39	4,451.60	4,432.95	4,440.42	4,440.42	1,579,660,000
Jul 11, 2014	4,401.05	4,417.16	4,389.29	4,415.49	4,415.49	1,511,250,000
Jul 10, 2014	4,352.04	4,415.85	4,351.04	4,396.20	4,396.20	1,682,920,000
Jul 09, 2014	4,403.03	4,421.93	4,388.01	4,419.03	4,419.03	1,736,960,000
Jul 08, 2014	4,442.87	4,443.56	4,372.04	4,391.46	4,391.46	2,221,820,000
Jul 07, 2014	4,477.74	4,478.02	4,447.60	4,451.53	4,451.53	1,691,390,000
Jul 03, 2014	4,472.89	4,485.93	4,463.85	4,485.93	4,485.93	1,001,730,000
Jul 02, 2014	4,457.86	4,466.92	4,450.87	4,457.73	4,457.73	1,599,480,000
Jul 01, 2014	4,424.71	4,471.60	4,424.43	4,458.65	4,458.65	1,942,550,000
Jun 30, 2014	4,398.37	4,417.46	4,396.59	4,408.18	4,408.18	1,848,110,000
Jun 27, 2014	4,371.80	4,398.85	4,371.60	4,397.93	4,397.93	3,964,930,000
Jun 26, 2014	4,379.44	4,379.80	4,347.45	4,379.05	4,379.05	1,554,070,000
Jun 25, 2014	4,341.82	4,383.55	4,339.41	4,379.76	4,379.76	1,722,820,000
Jun 24, 2014	4,367.90	4,399.87	4,342.90	4,350.35	4,350.35	2,014,700,000
Jun 23, 2014	4,368.96	4,371.81	4,358.68	4,368.68	4,368.68	1,712,930,000
Jun 20, 2014	4,365.37	4,368.80	4,354.03	4,368.04	4,368.04	2,721,380,000
Jun 19, 2014	4,370.14	4,372.18	4,339.61	4,359.33	4,359.33	1,845,460,000
Jun 18, 2014	4,341.18	4,365.10	4,320.54	4,362.84	4,362.84	1,860,660,000
Jun 17, 2014	4,316.01	4,346.12	4,311.15	4,337.23	4,337.23	1,814,360,000
Jun 16, 2014	4,303.93	4,326.89	4,296.26	4,321.10	4,321.10	1,675,120,000
Jun 13, 2014	4,315.31	4,317.67	4,288.41	4,310.65	4,310.65	1,754,560,000
Jun 12, 2014	4,323.11	4,328.35	4,284.53	4,297.63	4,297.63	1,908,190,000
Jun 11, 2014	4,322.92	4,338.21	4,315.49	4,331.93	4,331.93	1,778,460,000
Jun 10, 2014	4,329.20	4,338.87	4,319.93	4,338.00	4,338.00	1,787,120,000
Jun 09, 2014	4,324.35	4,346.74	4,320.28	4,336.24	4,336.24	1,783,060,000
Jun 06, 2014	4,312.76	4,322.51	4,305.74	4,321.40	4,321.40	1,616,650,000
Jun 05, 2014	4,259.12	4,299.50	4,241.68	4,296.23	4,296.23	1,926,750,000
Jun 04, 2014	4,222.21	4,256.19	4,216.23	4,251.64	4,251.64	1,610,090,000
Jun 03, 2014	4,222.04	4,240.35	4,215.80	4,234.08	4,234.08	1,718,640,000
Jun 02, 2014	4,247.96	4,247.96	4,207.61	4,237.20	4,237.20	1,631,310,000
May 30, 2014	4,251.49	4,252.08	4,221.95	4,242.62	4,242.62	1,903,660,000
May 29, 2014	4,238.04	4,247.95	4,228.96	4,247.95	4,247.95	1,714,000,000
May 28, 2014	4,234.96	4,238.17	4,216.89	4,225.08	4,225.08	1,785,140,000
May 27, 2014	4,206.44	4,237.07	4,204.72	4,237.07	4,237.07	1,812,330,000
May 23, 2014	4,159.78	4,186.58	4,148.30	4,185.81	4,185.81	1,536,610,000
May 22, 2014	4,136.09	4,164.85	4,131.47	4,154.34	4,154.34	1,835,810,000
May 21, 2014	4,105.96	4,133.61	4,103.61	4,131.54	4,131.54	1,703,500,000
May 20, 2014	4,121.11	4,124.86	4,080.61	4,096.89	4,096.89	1,797,910,000
May 19, 2014	4,080.33	4,128.47	4,075.70	4,125.81	4,125.81	1,601,400,000
May 16, 2014	4,070.35	4,091.16	4,044.27	4,090.59	4,090.59	1,741,070,000
May 15, 2014	4,096.53	4,098.25	4,035.96	4,069.29	4,069.29	2,083,030,000
May 14, 2014	4,122.08	4,132.33	4,093.83	4,100.63	4,100.63	1,764,430,000
May 13, 2014	4,144.90	4,155.13	4,128.01	4,130.17	4,130.17	1,923,480,000
May 12, 2014	4,092.84	4,146.54	4,092.09	4,143.86	4,143.86	1,880,020,000
May 09, 2014	4,043.44	4,071.87	4,025.24	4,071.87	4,071.87	1,976,160,000
May 08, 2014	4,053.28	4,109.20	4,039.91	4,051.50	4,051.50	2,411,940,000
May 07, 2014	4,085.49	4,091.03	4,021.05	4,067.67	4,067.67	2,486,030,000
May 06, 2014	4,128.22	4,132.46	4,080.76	4,080.76	4,080.76	1,850,610,000
May 05, 2014	4,099.25	4,138.34	4,086.35	4,138.06	4,138.06	1,561,170,000
May 02, 2014	4,138.63	4,145.06	4,115.89	4,123.90	4,123.90	1,844,790,000
May 01, 2014	4,121.25	4,149.56	4,105.61	4,127.45	4,127.45	2,077,040,000
Apr 30, 2014	4,085.19	4,116.14	4,070.63	4,114.56	4,114.56	2,151,400,000
Apr 29, 2014	4,089.51	4,111.45	4,070.25	4,103.54	4,103.54	1,911,240,000
Apr 28, 2014	4,091.81	4,111.59	4,014.17	4,074.40	4,074.40	2,348,320,000
Apr 25, 2014	4,125.16	4,126.98	4,068.10	4,075.56	4,075.56	2,087,140,000
Apr 24, 2014	4,174.61	4,177.16	4,107.52	4,148.34	4,148.34	2,130,870,000
Apr 23, 2014	4,160.90	4,161.44	4,125.41	4,126.97	4,126.97	1,794,760,000
Apr 22, 2014	4,132.06	4,170.72	4,131.61	4,161.46	4,161.46	1,875,930,000
Apr 21, 2014	4,105.37	4,121.55	4,081.91	4,121.55	4,121.55	1,544,440,000
Apr 17, 2014	4,080.30	4,110.46	4,064.70	4,095.52	4,095.52	1,954,720,000
Apr 16, 2014	4,066.82	4,086.28	4,038.81	4,086.23	4,086.23	1,863,110,000
Apr 15, 2014	4,032.63	4,054.80	3,946.03	4,034.16	4,034.16	2,413,110,000
Apr 14, 2014	4,038.06	4,050.79	3,986.50	4,022.69	4,022.69	1,890,480,000
Apr 11, 2014	4,015.07	4,067.22	3,991.64	3,999.73	3,999.73	2,264,480,000
Apr 10, 2014	4,181.21	4,182.61	4,042.76	4,054.11	4,054.11	2,421,210,000
Apr 09, 2014	4,129.63	4,185.19	4,121.17	4,183.90	4,183.90	1,957,560,000
Apr 08, 2014	4,085.18	4,120.24	4,066.11	4,112.99	4,112.99	2,198,900,000
Apr 07, 2014	4,110.92	4,133.68	4,052.14	4,079.75	4,079.75	2,554,680,000
Apr 04, 2014	4,263.94	4,267.06	4,118.71	4,127.73	4,127.73	2,621,270,000
Apr 03, 2014	4,282.18	4,284.69	4,216.57	4,237.74	4,237.74	2,067,370,000
Apr 02, 2014	4,281.61	4,286.09	4,258.86	4,276.46	4,276.46	2,187,100,000
Apr 01, 2014	4,219.87	4,268.20	4,218.77	4,268.04	4,268.04	2,153,130,000
Mar 31, 2014	4,185.63	4,212.97	4,180.54	4,198.99	4,198.99	2,090,850,000
Mar 28, 2014	4,163.18	4,203.49	4,144.69	4,155.76	4,155.76	2,029,840,000
Mar 27, 2014	4,169.35	4,186.13	4,131.81	4,151.23	4,151.23	2,270,650,000
Mar 26, 2014	4,254.98	4,263.07	4,173.58	4,173.58	4,173.58	2,455,460,000
Mar 25, 2014	4,252.65	4,274.32	4,203.64	4,234.27	4,234.27	2,270,760,000
Mar 24, 2014	4,289.49	4,289.49	4,190.61	4,226.39	4,226.39	2,434,650,000
Mar 21, 2014	4,339.90	4,344.39	4,268.34	4,276.79	4,276.79	3,245,740,000
Mar 20, 2014	4,297.99	4,329.61	4,287.41	4,319.29	4,319.29	1,847,270,000
Mar 19, 2014	4,331.46	4,334.30	4,283.54	4,307.60	4,307.60	1,992,750,000
Mar 18, 2014	4,286.22	4,334.66	4,284.11	4,333.31	4,333.31	1,962,890,000
Mar 17, 2014	4,274.22	4,301.28	4,273.01	4,279.95	4,279.95	1,810,410,000
Mar 14, 2014	4,250.45	4,272.34	4,241.94	4,245.40	4,245.40	2,196,890,000
Mar 13, 2014	4,338.26	4,339.90	4,242.95	4,260.42	4,260.42	2,383,600,000
Mar 12, 2014	4,288.60	4,323.33	4,270.22	4,323.33	4,323.33	2,131,880,000
Mar 11, 2014	4,342.93	4,354.43	4,295.47	4,307.19	4,307.19	2,477,780,000
Mar 10, 2014	4,332.62	4,339.93	4,307.84	4,334.45	4,334.45	2,111,610,000
Mar 07, 2014	4,370.98	4,371.39	4,319.15	4,336.22	4,336.22	2,175,560,000
Mar 06, 2014	4,368.81	4,371.71	4,341.00	4,352.13	4,352.13	2,136,260,000
Mar 05, 2014	4,352.76	4,362.50	4,344.15	4,357.97	4,357.97	2,215,980,000
Mar 04, 2014	4,327.85	4,357.21	4,327.54	4,351.97	4,351.97	2,477,850,000
Mar 03, 2014	4,261.42	4,284.15	4,239.65	4,277.30	4,277.30	2,077,500,000
Feb 28, 2014	4,323.52	4,342.59	4,275.61	4,308.12	4,308.12	2,617,730,000
Feb 27, 2014	4,291.47	4,322.46	4,284.78	4,318.93	4,318.93	2,049,160,000
Feb 26, 2014	4,300.45	4,316.82	4,278.54	4,292.06	4,292.06	2,108,270,000
Feb 25, 2014	4,298.48	4,307.51	4,275.80	4,287.59	4,287.59	2,137,150,000
Feb 24, 2014	4,273.32	4,311.13	4,272.11	4,292.97	4,292.97	2,161,300,000
Feb 21, 2014	4,282.17	4,284.85	4,261.63	4,263.41	4,263.41	2,138,250,000
Feb 20, 2014	4,241.46	4,272.34	4,226.75	4,267.55	4,267.55	1,992,780,000
Feb 19, 2014	4,260.74	4,274.29	4,232.38	4,237.95	4,237.95	1,956,720,000
Feb 18, 2014	4,253.71	4,277.33	4,243.56	4,272.78	4,272.78	1,886,210,000
Feb 14, 2014	4,237.00	4,250.91	4,225.75	4,244.02	4,244.02	1,881,510,000
Feb 13, 2014	4,171.58	4,240.67	4,170.47	4,240.67	4,240.67	2,249,990,000
Feb 12, 2014	4,196.85	4,212.61	4,190.39	4,201.29	4,201.29	2,035,890,000
Feb 11, 2014	4,154.66	4,198.51	4,153.10	4,191.05	4,191.05	1,993,950,000
Feb 10, 2014	4,125.12	4,148.30	4,122.61	4,148.17	4,148.17	1,811,970,000
Feb 07, 2014	4,081.82	4,126.51	4,069.93	4,125.86	4,125.86	2,055,850,000
Feb 06, 2014	4,022.66	4,064.06	4,022.17	4,057.12	4,057.12	1,942,700,000
Feb 05, 2014	4,015.50	4,026.28	3,968.19	4,011.55	4,011.55	2,168,360,000
Feb 04, 2014	4,019.44	4,044.20	4,004.58	4,031.52	4,031.52	2,173,360,000
Feb 03, 2014	4,105.06	4,113.55	3,989.95	3,996.96	3,996.96	2,617,030,000
Jan 31, 2014	4,068.63	4,124.92	4,067.61	4,103.88	4,103.88	2,300,570,000
Jan 30, 2014	4,098.81	4,135.84	4,094.17	4,123.13	4,123.13	2,168,410,000
Jan 29, 2014	4,060.61	4,091.27	4,044.76	4,051.43	4,051.43	2,231,850,000
Jan 28, 2014	4,067.86	4,099.81	4,067.69	4,097.96	4,097.96	2,091,180,000
Jan 27, 2014	4,132.22	4,136.46	4,052.63	4,083.61	4,083.61	2,398,280,000
Jan 24, 2014	4,194.97	4,197.93	4,128.17	4,128.17	4,128.17	2,489,470,000
Jan 23, 2014	4,224.36	4,224.44	4,192.28	4,218.88	4,218.88	2,191,980,000
Jan 22, 2014	4,234.58	4,246.55	4,225.52	4,243.00	4,243.00	2,026,910,000
Jan 21, 2014	4,222.98	4,227.93	4,193.17	4,225.76	4,225.76	2,034,030,000
Jan 17, 2014	4,207.82	4,217.24	4,187.31	4,197.58	4,197.58	2,150,370,000
Jan 16, 2014	4,209.59	4,219.28	4,204.16	4,218.69	4,218.69	2,005,850,000
Jan 15, 2014	4,196.53	4,218.79	4,195.98	4,214.88	4,214.88	2,101,870,000
Jan 14, 2014	4,129.60	4,183.84	4,125.81	4,183.02	4,183.02	2,034,180,000
Jan 13, 2014	4,167.41	4,179.47	4,097.99	4,113.30	4,113.30	2,322,240,000
Jan 10, 2014	4,168.94	4,174.68	4,142.21	4,174.67	4,174.67	2,143,070,000
Jan 09, 2014	4,179.04	4,182.74	4,142.70	4,156.19	4,156.19	2,214,770,000
Jan 08, 2014	4,154.28	4,171.75	4,145.00	4,165.61	4,165.61	2,345,220,000
Jan 07, 2014	4,128.57	4,158.18	4,126.48	4,153.18	4,153.18	2,278,220,000
Jan 06, 2014	4,137.03	4,139.78	4,103.75	4,113.68	4,113.68	2,292,840,000
Jan 03, 2014	4,148.56	4,152.96	4,124.96	4,131.91	4,131.91	1,667,480,000
Jan 02, 2014	4,160.03	4,160.96	4,131.79	4,143.07	4,143.07	1,738,820,000
