Date	          Open	    High	    Low	     Close*	Adj Close**	Volume
Dec 30, 2015	5,101.18	5,102.35	5,065.68	5,065.85	5,065.85	1,247,530,000
Dec 29, 2015	5,066.52	5,116.99	5,065.89	5,107.94	5,107.94	1,383,470,000
Dec 28, 2015	5,032.29	5,041.27	4,999.07	5,040.99	5,040.99	1,310,650,000
Dec 24, 2015	5,046.19	5,063.28	5,043.65	5,048.49	5,048.49	706,880,000
Dec 23, 2015	5,025.55	5,046.09	5,020.44	5,045.93	5,045.93	1,591,490,000
Dec 22, 2015	4,988.68	5,007.77	4,964.08	5,001.11	5,001.11	1,556,670,000
Dec 21, 2015	4,957.53	4,968.92	4,928.93	4,968.92	4,968.92	1,673,400,000
Dec 18, 2015	4,982.58	4,996.49	4,921.33	4,923.08	4,923.08	3,765,210,000
Dec 17, 2015	5,087.17	5,088.58	5,002.55	5,002.55	5,002.55	1,897,220,000
Dec 16, 2015	5,033.48	5,078.99	4,992.63	5,071.13	5,071.13	2,036,610,000
Dec 15, 2015	4,991.21	5,026.54	4,986.99	4,995.36	4,995.36	2,054,710,000
Dec 14, 2015	4,932.61	4,953.60	4,871.59	4,952.23	4,952.23	2,216,060,000
Dec 11, 2015	4,979.77	4,996.19	4,928.67	4,933.47	4,933.47	2,084,950,000
Dec 10, 2015	5,026.30	5,075.65	5,019.31	5,045.17	5,045.17	1,746,520,000
Dec 09, 2015	5,077.21	5,106.37	5,000.12	5,022.87	5,022.87	2,003,450,000
Dec 08, 2015	5,050.52	5,111.73	5,045.73	5,098.24	5,098.24	1,871,450,000
Dec 07, 2015	5,139.46	5,139.78	5,082.23	5,101.81	5,101.81	1,952,690,000
Dec 04, 2015	5,050.93	5,147.00	5,043.49	5,142.27	5,142.27	1,897,490,000
Dec 03, 2015	5,143.16	5,144.60	5,011.72	5,037.53	5,037.53	2,088,100,000
Dec 02, 2015	5,158.82	5,176.77	5,117.15	5,123.22	5,123.22	2,060,340,000
Dec 01, 2015	5,129.64	5,156.31	5,120.17	5,156.31	5,156.31	2,035,570,000
Nov 30, 2015	5,139.58	5,141.36	5,098.70	5,108.67	5,108.67	2,244,550,000
Nov 27, 2015	5,121.93	5,134.35	5,108.51	5,127.52	5,127.52	781,730,000
Nov 25, 2015	5,106.87	5,124.09	5,101.18	5,116.14	5,116.14	1,539,300,000
Nov 24, 2015	5,070.66	5,110.75	5,050.14	5,102.81	5,102.81	1,956,920,000
Nov 23, 2015	5,106.72	5,128.08	5,084.85	5,102.48	5,102.48	1,668,280,000
Nov 20, 2015	5,096.96	5,112.46	5,094.32	5,104.92	5,104.92	1,766,630,000
Nov 19, 2015	5,078.67	5,092.46	5,067.27	5,073.64	5,073.64	1,794,110,000
Nov 18, 2015	5,004.60	5,078.80	5,001.67	5,075.20	5,075.20	2,017,390,000
Nov 17, 2015	4,991.71	5,023.45	4,975.74	4,986.02	4,986.02	1,861,710,000
Nov 16, 2015	4,916.14	4,984.91	4,908.66	4,984.62	4,984.62	1,819,190,000
Nov 13, 2015	4,980.86	4,989.06	4,925.35	4,927.88	4,927.88	2,001,050,000
Nov 12, 2015	5,043.10	5,062.49	5,004.46	5,005.08	5,005.08	1,820,930,000
Nov 11, 2015	5,098.13	5,111.19	5,066.68	5,067.02	5,067.02	1,672,340,000
Nov 10, 2015	5,068.55	5,086.88	5,051.22	5,083.24	5,083.24	1,906,120,000
Nov 09, 2015	5,128.94	5,133.44	5,066.10	5,095.30	5,095.30	1,850,770,000
Nov 06, 2015	5,124.04	5,147.12	5,092.87	5,147.12	5,147.12	2,066,430,000
Nov 05, 2015	5,144.15	5,154.86	5,098.49	5,127.74	5,127.74	2,054,490,000
Nov 04, 2015	5,155.62	5,162.57	5,122.78	5,142.48	5,142.48	2,096,110,000
Nov 03, 2015	5,114.31	5,163.47	5,109.68	5,145.13	5,145.13	2,028,630,000
Nov 02, 2015	5,065.64	5,130.51	5,061.47	5,127.15	5,127.15	1,888,180,000
Oct 30, 2015	5,079.76	5,085.22	5,053.75	5,053.75	5,053.75	2,016,390,000
Oct 29, 2015	5,071.04	5,084.63	5,066.89	5,074.27	5,074.27	1,928,310,000
Oct 28, 2015	5,040.38	5,095.69	5,019.60	5,095.69	5,095.69	2,141,130,000
Oct 27, 2015	5,018.99	5,040.08	5,009.07	5,030.15	5,030.15	1,986,840,000
Oct 26, 2015	5,030.80	5,045.16	5,012.74	5,034.70	5,034.70	1,758,690,000
Oct 23, 2015	5,024.38	5,048.55	4,999.54	5,031.86	5,031.86	2,178,270,000
Oct 22, 2015	4,875.96	4,926.99	4,861.80	4,920.05	4,920.05	2,156,040,000
Oct 21, 2015	4,903.98	4,904.85	4,836.46	4,840.12	4,840.12	1,895,390,000
Oct 20, 2015	4,900.02	4,909.37	4,866.60	4,880.97	4,880.97	1,711,700,000
Oct 19, 2015	4,873.54	4,915.49	4,865.83	4,905.47	4,905.47	1,619,920,000
Oct 16, 2015	4,872.36	4,886.95	4,851.28	4,886.69	4,886.69	1,855,290,000
Oct 15, 2015	4,799.43	4,870.10	4,795.29	4,870.10	4,870.10	1,942,900,000
Oct 14, 2015	4,801.35	4,820.09	4,771.62	4,782.85	4,782.85	1,902,460,000
Oct 13, 2015	4,809.24	4,858.28	4,793.92	4,796.61	4,796.61	1,565,060,000
Oct 12, 2015	4,839.79	4,846.74	4,818.17	4,838.64	4,838.64	1,343,820,000
Oct 09, 2015	4,817.28	4,841.38	4,804.59	4,830.47	4,830.47	1,804,260,000
Oct 08, 2015	4,775.06	4,819.07	4,737.93	4,810.79	4,810.79	1,984,230,000
Oct 07, 2015	4,775.05	4,791.15	4,728.71	4,791.15	4,791.15	2,149,890,000
Oct 06, 2015	4,767.63	4,783.37	4,711.79	4,748.36	4,748.36	2,085,020,000
Oct 05, 2015	4,742.13	4,785.91	4,740.24	4,781.26	4,781.26	2,005,320,000
Oct 02, 2015	4,566.13	4,707.78	4,552.34	4,707.78	4,707.78	2,183,320,000
Oct 01, 2015	4,624.46	4,628.23	4,559.21	4,627.08	4,627.08	2,133,990,000
Sep 30, 2015	4,574.38	4,620.16	4,559.18	4,620.16	4,620.16	2,398,350,000
Sep 29, 2015	4,551.04	4,596.06	4,487.06	4,517.32	4,517.32	2,293,450,000
Sep 28, 2015	4,665.06	4,665.21	4,529.41	4,543.97	4,543.97	2,387,610,000
Sep 25, 2015	4,782.41	4,785.22	4,659.48	4,686.50	4,686.50	2,050,530,000
Sep 24, 2015	4,717.89	4,746.21	4,670.12	4,734.48	4,734.48	1,995,820,000
Sep 23, 2015	4,764.69	4,780.64	4,735.13	4,752.74	4,752.74	1,606,330,000
Sep 22, 2015	4,762.29	4,776.28	4,716.91	4,756.72	4,756.72	2,042,880,000
Sep 21, 2015	4,851.98	4,881.46	4,795.91	4,828.95	4,828.95	2,021,530,000
Sep 18, 2015	4,828.71	4,878.71	4,819.09	4,827.23	4,827.23	3,272,150,000
Sep 17, 2015	4,884.11	4,960.87	4,880.50	4,893.95	4,893.95	1,891,510,000
Sep 16, 2015	4,860.43	4,893.44	4,848.15	4,889.24	4,889.24	1,666,380,000
Sep 15, 2015	4,819.32	4,872.35	4,802.09	4,860.52	4,860.52	1,587,460,000
Sep 14, 2015	4,831.98	4,832.00	4,791.08	4,805.76	4,805.76	1,467,740,000
Sep 11, 2015	4,770.73	4,822.34	4,763.15	4,822.34	4,822.34	1,686,190,000
Sep 10, 2015	4,749.96	4,826.33	4,746.52	4,796.25	4,796.25	1,845,770,000
Sep 09, 2015	4,856.27	4,862.88	4,746.73	4,756.53	4,756.53	1,963,750,000
Sep 08, 2015	4,769.72	4,815.04	4,754.89	4,811.93	4,811.93	1,765,600,000
Sep 04, 2015	4,670.35	4,712.67	4,657.82	4,683.92	4,683.92	1,574,720,000
Sep 03, 2015	4,763.10	4,800.18	4,721.91	4,733.50	4,733.50	1,803,320,000
Sep 02, 2015	4,704.42	4,749.98	4,659.41	4,749.98	4,749.98	1,929,080,000
Sep 01, 2015	4,673.61	4,722.13	4,614.91	4,636.10	4,636.10	2,253,750,000
Aug 31, 2015	4,798.68	4,824.61	4,763.42	4,776.51	4,776.51	1,839,010,000
Aug 28, 2015	4,792.11	4,836.78	4,788.38	4,828.32	4,828.32	1,936,540,000
Aug 27, 2015	4,761.05	4,818.71	4,721.79	4,812.71	4,812.71	2,368,880,000
Aug 26, 2015	4,633.51	4,703.97	4,530.03	4,697.54	4,697.54	2,631,660,000
Aug 25, 2015	4,687.27	4,689.54	4,506.10	4,506.49	4,506.49	2,612,800,000
Aug 24, 2015	4,351.61	4,694.90	4,292.14	4,526.25	4,526.25	3,508,840,000
Aug 21, 2015	4,801.04	4,856.75	4,706.04	4,706.04	4,706.04	2,768,540,000
Aug 20, 2015	4,973.49	4,986.51	4,877.49	4,877.49	4,877.49	2,087,000,000
Aug 19, 2015	5,039.03	5,060.93	4,992.85	5,019.05	5,019.05	1,785,420,000
Aug 18, 2015	5,082.17	5,085.14	5,054.97	5,059.35	5,059.35	1,501,540,000
Aug 17, 2015	5,032.34	5,092.69	5,022.42	5,091.70	5,091.70	1,510,790,000
Aug 14, 2015	5,025.92	5,051.89	5,012.61	5,048.24	5,048.24	1,487,630,000
Aug 13, 2015	5,050.94	5,071.46	5,029.61	5,033.56	5,033.56	1,632,340,000
Aug 12, 2015	4,994.52	5,055.75	4,945.79	5,044.39	5,044.39	2,089,460,000
Aug 11, 2015	5,069.16	5,089.33	5,013.45	5,036.79	5,036.79	1,912,340,000
Aug 10, 2015	5,081.72	5,112.47	5,081.11	5,101.80	5,101.80	1,784,930,000
Aug 07, 2015	5,043.97	5,055.56	5,006.15	5,043.54	5,043.54	2,008,360,000
Aug 06, 2015	5,146.63	5,149.93	5,035.41	5,056.44	5,056.44	2,290,950,000
Aug 05, 2015	5,132.77	5,175.26	5,131.86	5,139.94	5,139.94	2,041,490,000
Aug 04, 2015	5,110.96	5,125.90	5,092.46	5,105.55	5,105.55	1,819,700,000
Aug 03, 2015	5,134.34	5,143.08	5,082.32	5,115.38	5,115.38	1,790,080,000
Jul 31, 2015	5,148.18	5,155.02	5,122.37	5,128.28	5,128.28	1,926,360,000
Jul 30, 2015	5,100.30	5,135.65	5,070.62	5,128.78	5,128.78	1,908,480,000
Jul 29, 2015	5,097.86	5,117.84	5,080.04	5,111.73	5,111.73	1,890,350,000
Jul 28, 2015	5,063.44	5,097.69	5,025.61	5,089.21	5,089.21	2,025,110,000
Jul 27, 2015	5,055.92	5,072.88	5,032.69	5,039.78	5,039.78	1,942,520,000
Jul 24, 2015	5,166.91	5,167.54	5,084.51	5,088.63	5,088.63	2,004,380,000
Jul 23, 2015	5,180.33	5,197.00	5,137.64	5,146.41	5,146.41	2,003,310,000
Jul 22, 2015	5,146.03	5,184.74	5,145.78	5,171.77	5,171.77	2,035,730,000
Jul 21, 2015	5,219.20	5,229.00	5,196.30	5,208.12	5,208.12	1,774,570,000
Jul 20, 2015	5,223.18	5,231.94	5,201.49	5,218.86	5,218.86	1,814,180,000
Jul 17, 2015	5,196.11	5,210.16	5,183.23	5,210.14	5,210.14	1,854,450,000
Jul 16, 2015	5,138.18	5,163.18	5,128.56	5,163.18	5,163.18	1,823,530,000
Jul 15, 2015	5,111.11	5,125.32	5,088.12	5,098.94	5,098.94	1,691,350,000
Jul 14, 2015	5,077.12	5,116.52	5,075.12	5,104.89	5,104.89	1,682,660,000
Jul 13, 2015	5,037.27	5,074.81	5,036.68	5,071.51	5,071.51	1,694,140,000
Jul 10, 2015	4,981.24	5,008.05	4,966.51	4,997.70	4,997.70	1,590,230,000
Jul 09, 2015	4,976.15	4,982.19	4,920.40	4,922.40	4,922.40	1,861,600,000
Jul 08, 2015	4,953.98	4,965.45	4,901.51	4,909.76	4,909.76	1,931,520,000
Jul 07, 2015	4,993.76	5,001.99	4,902.21	4,997.46	4,997.46	2,132,080,000
Jul 06, 2015	4,963.80	5,020.71	4,960.93	4,991.94	4,991.94	1,741,500,000
Jul 02, 2015	5,024.30	5,027.47	4,990.74	5,009.21	5,009.21	1,490,810,000
Jul 01, 2015	5,029.05	5,038.55	4,994.46	5,013.12	5,013.12	1,814,560,000
Jun 30, 2015	5,000.15	5,008.76	4,968.26	4,986.87	4,986.87	2,034,430,000
Jun 29, 2015	5,021.21	5,051.01	4,956.23	4,958.47	4,958.47	2,025,580,000
Jun 26, 2015	5,113.26	5,121.47	5,060.82	5,080.51	5,080.51	3,843,810,000
Jun 25, 2015	5,139.48	5,141.71	5,102.16	5,112.19	5,112.19	1,614,760,000
Jun 24, 2015	5,151.38	5,164.36	5,121.64	5,122.41	5,122.41	1,628,800,000
Jun 23, 2015	5,161.68	5,163.41	5,139.33	5,160.09	5,160.09	1,613,540,000
Jun 22, 2015	5,147.87	5,162.13	5,142.78	5,153.97	5,153.97	1,619,970,000
Jun 19, 2015	5,139.77	5,140.17	5,113.94	5,117.00	5,117.00	2,468,310,000
Jun 18, 2015	5,082.06	5,143.32	5,082.03	5,132.95	5,132.95	1,877,920,000
Jun 17, 2015	5,067.68	5,080.11	5,042.25	5,064.88	5,064.88	1,712,820,000
Jun 16, 2015	5,023.58	5,063.06	5,022.56	5,055.55	5,055.55	1,654,820,000
Jun 15, 2015	5,011.79	5,035.37	4,985.94	5,029.97	5,029.97	1,790,280,000
Jun 12, 2015	5,060.24	5,067.96	5,043.24	5,051.10	5,051.10	1,428,900,000
Jun 11, 2015	5,088.26	5,101.39	5,075.05	5,082.51	5,082.51	1,623,950,000
Jun 10, 2015	5,029.41	5,086.66	5,024.17	5,076.69	5,076.69	1,792,980,000
Jun 09, 2015	5,013.13	5,027.02	4,974.62	5,013.87	5,013.87	1,754,340,000
Jun 08, 2015	5,066.65	5,069.00	5,014.06	5,021.63	5,021.63	1,712,210,000
Jun 05, 2015	5,057.04	5,074.98	5,025.52	5,068.46	5,068.46	1,842,890,000
Jun 04, 2015	5,078.22	5,101.11	5,046.29	5,059.12	5,059.12	1,813,960,000
Jun 03, 2015	5,098.48	5,114.60	5,084.99	5,099.23	5,099.23	1,852,680,000
Jun 02, 2015	5,063.47	5,100.02	5,047.35	5,076.52	5,076.52	1,729,750,000
Jun 01, 2015	5,094.94	5,099.01	5,045.67	5,082.93	5,082.93	1,902,120,000
May 29, 2015	5,093.10	5,099.40	5,057.59	5,070.03	5,070.03	2,024,170,000
May 28, 2015	5,096.34	5,106.65	5,080.25	5,097.98	5,097.98	1,741,420,000
May 27, 2015	5,047.86	5,111.54	5,039.37	5,106.59	5,106.59	1,809,550,000
May 26, 2015	5,076.91	5,081.17	5,016.74	5,032.75	5,032.75	1,731,950,000
May 22, 2015	5,085.39	5,103.84	5,085.19	5,089.36	5,089.36	1,544,920,000
May 21, 2015	5,065.94	5,098.23	5,062.51	5,090.79	5,090.79	1,683,670,000
May 20, 2015	5,072.44	5,097.52	5,050.21	5,071.74	5,071.74	1,786,830,000
May 19, 2015	5,080.44	5,087.35	5,062.80	5,070.03	5,070.03	1,750,980,000
May 18, 2015	5,040.92	5,084.50	5,037.54	5,078.44	5,078.44	1,643,870,000
May 15, 2015	5,059.15	5,062.65	5,034.84	5,048.29	5,048.29	1,667,260,000
May 14, 2015	5,016.68	5,051.72	4,999.65	5,050.80	5,050.80	1,741,970,000
May 13, 2015	4,991.42	5,012.97	4,977.49	4,981.69	4,981.69	1,672,260,000
May 12, 2015	4,966.44	4,995.50	4,931.60	4,976.19	4,976.19	1,705,870,000
May 11, 2015	5,003.26	5,017.38	4,992.02	4,993.57	4,993.57	1,731,390,000
May 08, 2015	4,991.63	5,014.33	4,989.26	5,003.55	5,003.55	1,978,760,000
May 07, 2015	4,917.75	4,957.12	4,914.53	4,945.54	4,945.54	2,042,960,000
May 06, 2015	4,956.70	4,965.10	4,888.17	4,919.64	4,919.64	2,144,620,000
May 05, 2015	5,000.20	5,008.27	4,934.34	4,939.33	4,939.33	2,069,490,000
May 04, 2015	5,018.35	5,043.62	5,013.02	5,016.93	5,016.93	1,668,200,000
May 01, 2015	4,966.32	5,005.39	4,962.74	5,005.39	5,005.39	1,854,400,000
Apr 30, 2015	4,996.99	5,015.96	4,921.55	4,941.42	4,941.42	2,269,290,000
Apr 29, 2015	5,028.45	5,053.84	4,999.83	5,023.64	5,023.64	1,871,300,000
Apr 28, 2015	5,063.26	5,075.30	5,006.28	5,055.42	5,055.42	2,032,500,000
Apr 27, 2015	5,104.36	5,119.83	5,053.54	5,060.25	5,060.25	2,172,470,000
Apr 24, 2015	5,096.34	5,100.37	5,081.21	5,092.08	5,092.08	1,895,150,000
Apr 23, 2015	5,020.22	5,073.09	5,019.29	5,056.06	5,056.06	1,858,620,000
Apr 22, 2015	5,026.57	5,040.65	4,992.62	5,035.17	5,035.17	1,696,380,000
Apr 21, 2015	5,023.96	5,028.22	5,009.51	5,014.10	5,014.10	1,721,260,000
Apr 20, 2015	4,958.07	5,000.20	4,952.68	4,994.60	4,994.60	1,646,340,000
Apr 17, 2015	4,966.11	4,974.09	4,912.33	4,931.81	4,931.81	1,985,190,000
Apr 16, 2015	4,999.36	5,016.00	4,996.00	5,007.79	5,007.79	1,662,850,000
Apr 15, 2015	4,992.62	5,021.19	4,989.24	5,011.02	5,011.02	1,795,530,000
Apr 14, 2015	4,988.82	4,996.82	4,952.01	4,977.29	4,977.29	1,571,360,000
Apr 13, 2015	5,001.55	5,024.25	4,985.96	4,988.25	4,988.25	1,544,190,000
Apr 10, 2015	4,977.03	4,996.08	4,970.02	4,995.98	4,995.98	1,494,240,000
Apr 09, 2015	4,950.84	4,975.93	4,928.11	4,974.56	4,974.56	1,729,750,000
Apr 08, 2015	4,914.15	4,956.72	4,914.15	4,950.82	4,950.82	1,714,210,000
Apr 07, 2015	4,917.50	4,948.88	4,909.77	4,910.23	4,910.23	1,572,940,000
Apr 06, 2015	4,855.94	4,929.62	4,852.91	4,917.32	4,917.32	1,737,560,000
Apr 02, 2015	4,885.41	4,901.33	4,872.96	4,886.94	4,886.94	1,563,670,000
Apr 01, 2015	4,894.36	4,899.38	4,844.39	4,880.23	4,880.23	1,874,960,000
Mar 31, 2015	4,925.91	4,940.87	4,899.31	4,900.88	4,900.88	1,837,660,000
Mar 30, 2015	4,921.78	4,948.46	4,921.12	4,947.44	4,947.44	1,778,520,000
Mar 27, 2015	4,863.74	4,899.26	4,859.66	4,891.22	4,891.22	1,678,650,000
Mar 26, 2015	4,835.71	4,889.21	4,825.93	4,863.36	4,863.36	2,004,960,000
Mar 25, 2015	5,002.83	5,006.76	4,876.52	4,876.52	4,876.52	2,219,520,000
Mar 24, 2015	5,010.10	5,032.48	4,994.56	4,994.73	4,994.73	1,611,670,000
Mar 23, 2015	5,020.60	5,031.39	5,010.97	5,010.97	5,010.97	1,608,880,000
Mar 20, 2015	5,033.47	5,042.14	5,020.07	5,026.42	5,026.42	2,825,670,000
Mar 19, 2015	4,982.02	5,000.02	4,979.94	4,992.38	4,992.38	1,674,970,000
Mar 18, 2015	4,926.83	5,001.57	4,907.72	4,982.83	4,982.83	1,983,570,000
Mar 17, 2015	4,912.65	4,944.91	4,907.02	4,937.43	4,937.43	1,724,370,000
Mar 16, 2015	4,897.27	4,929.94	4,889.09	4,929.51	4,929.51	1,713,480,000
Mar 13, 2015	4,885.54	4,904.47	4,842.80	4,871.76	4,871.76	1,851,410,000
Mar 12, 2015	4,853.98	4,895.80	4,853.20	4,893.29	4,893.29	1,855,110,000
Mar 11, 2015	4,866.94	4,876.09	4,846.79	4,849.94	4,849.94	1,846,020,000
Mar 10, 2015	4,899.51	4,903.44	4,859.79	4,859.79	4,859.79	1,876,010,000
Mar 09, 2015	4,936.08	4,950.47	4,920.82	4,942.44	4,942.44	1,696,510,000
Mar 06, 2015	4,967.24	4,982.93	4,918.63	4,927.37	4,927.37	1,918,220,000
Mar 05, 2015	4,979.95	4,993.52	4,963.10	4,982.81	4,982.81	1,724,200,000
Mar 04, 2015	4,961.24	4,973.32	4,938.90	4,967.14	4,967.14	1,824,830,000
Mar 03, 2015	4,990.70	4,996.66	4,956.07	4,979.90	4,979.90	2,018,900,000
Mar 02, 2015	4,973.43	5,008.57	4,972.01	5,008.10	5,008.10	1,931,110,000
Feb 27, 2015	4,985.03	4,989.25	4,960.87	4,963.53	4,963.53	1,955,590,000
Feb 26, 2015	4,969.27	4,989.11	4,955.51	4,987.89	4,987.89	1,905,550,000
Feb 25, 2015	4,960.36	4,984.24	4,956.00	4,967.14	4,967.14	1,848,560,000
Feb 24, 2015	4,956.21	4,971.18	4,945.14	4,968.12	4,968.12	1,834,890,000
Feb 23, 2015	4,953.10	4,960.97	4,939.56	4,960.97	4,960.97	1,754,850,000
Feb 20, 2015	4,919.78	4,957.02	4,905.59	4,955.97	4,955.97	1,761,140,000
Feb 19, 2015	4,901.51	4,929.53	4,900.63	4,924.70	4,924.70	1,592,890,000
Feb 18, 2015	4,890.84	4,907.50	4,885.60	4,906.36	4,906.36	1,684,800,000
Feb 17, 2015	4,889.99	4,901.89	4,880.64	4,899.27	4,899.27	1,751,490,000
Feb 13, 2015	4,869.73	4,893.84	4,860.12	4,893.84	4,893.84	1,942,240,000
Feb 12, 2015	4,828.08	4,857.61	4,823.57	4,857.61	4,857.61	2,075,470,000
Feb 11, 2015	4,788.37	4,810.36	4,780.13	4,801.18	4,801.18	1,793,630,000
Feb 10, 2015	4,754.63	4,793.27	4,737.12	4,787.64	4,787.64	1,773,730,000
Feb 09, 2015	4,723.73	4,749.47	4,719.61	4,726.01	4,726.01	1,654,680,000
Feb 06, 2015	4,768.84	4,787.18	4,731.22	4,744.40	4,744.40	2,034,060,000
Feb 05, 2015	4,729.65	4,767.38	4,722.80	4,765.10	4,765.10	2,036,590,000
Feb 04, 2015	4,699.81	4,744.33	4,697.79	4,716.70	4,716.70	2,212,960,000
Feb 03, 2015	4,693.25	4,727.74	4,670.82	4,727.74	4,727.74	2,153,520,000
Feb 02, 2015	4,650.60	4,676.69	4,580.46	4,676.69	4,676.69	2,006,450,000
Jan 30, 2015	4,671.21	4,703.81	4,631.10	4,635.24	4,635.24	2,264,230,000
Jan 29, 2015	4,635.73	4,688.41	4,601.76	4,683.41	4,683.41	2,110,710,000
Jan 28, 2015	4,740.69	4,742.06	4,637.48	4,637.99	4,637.99	2,118,680,000
Jan 27, 2015	4,698.23	4,721.87	4,659.83	4,681.50	4,681.50	1,954,160,000
Jan 26, 2015	4,752.36	4,774.18	4,734.20	4,771.76	4,771.76	1,717,510,000
Jan 23, 2015	4,748.19	4,771.18	4,737.95	4,757.88	4,757.88	1,653,830,000
Jan 22, 2015	4,690.93	4,752.60	4,644.57	4,750.40	4,750.40	1,996,550,000
Jan 21, 2015	4,641.95	4,692.46	4,629.59	4,667.42	4,667.42	1,847,420,000
Jan 20, 2015	4,655.84	4,665.65	4,601.10	4,654.85	4,654.85	1,835,040,000
Jan 16, 2015	4,566.38	4,635.82	4,563.11	4,634.38	4,634.38	1,970,520,000
Jan 15, 2015	4,657.46	4,663.96	4,567.39	4,570.82	4,570.82	1,976,260,000
Jan 14, 2015	4,610.76	4,655.37	4,595.98	4,639.32	4,639.32	2,073,810,000
Jan 13, 2015	4,708.74	4,751.34	4,624.28	4,661.50	4,661.50	2,162,180,000
Jan 12, 2015	4,714.07	4,715.81	4,650.65	4,664.71	4,664.71	1,861,960,000
Jan 09, 2015	4,744.47	4,744.71	4,681.24	4,704.07	4,704.07	1,715,830,000
Jan 08, 2015	4,689.54	4,741.38	4,688.02	4,736.19	4,736.19	2,105,450,000
Jan 07, 2015	4,626.84	4,652.72	4,613.90	4,650.47	4,650.47	1,957,950,000
Jan 06, 2015	4,666.85	4,667.33	4,567.59	4,592.74	4,592.74	2,167,320,000
Jan 05, 2015	4,700.34	4,702.77	4,641.46	4,652.57	4,652.57	1,794,470,000
Jan 02, 2015	4,760.24	4,777.01	4,698.11	4,726.81	4,726.81	1,435,150,000
