Date	          Open	    High	  Low	       Close    Adj Close**	 Volume
Dec 30, 2011	2,610.23	2,616.46	2,604.60	2,605.15	2,605.15	1,056,790,000
Dec 29, 2011	2,596.33	2,614.87	2,593.04	2,613.74	2,613.74	1,011,380,000
Dec 28, 2011	2,626.19	2,626.34	2,586.85	2,589.98	2,589.98	1,069,930,000
Dec 27, 2011	2,613.51	2,633.34	2,610.77	2,625.20	2,625.20	945,590,000
Dec 23, 2011	2,607.43	2,618.84	2,599.89	2,618.64	2,618.64	960,940,000
Dec 22, 2011	2,584.33	2,601.99	2,581.92	2,599.45	2,599.45	1,515,610,000
Dec 21, 2011	2,589.77	2,590.61	2,544.66	2,577.97	2,577.97	1,853,710,000
Dec 20, 2011	2,567.25	2,604.52	2,566.87	2,603.73	2,603.73	1,835,720,000
Dec 19, 2011	2,564.07	2,570.65	2,518.01	2,523.14	2,523.14	1,560,110,000
Dec 16, 2011	2,554.62	2,585.42	2,548.00	2,555.33	2,555.33	2,664,690,000
Dec 15, 2011	2,565.93	2,565.94	2,536.58	2,541.01	2,541.01	1,748,400,000
Dec 14, 2011	2,566.21	2,568.44	2,525.88	2,539.31	2,539.31	1,793,960,000
Dec 13, 2011	2,629.67	2,639.74	2,568.44	2,579.27	2,579.27	1,752,320,000
Dec 12, 2011	2,617.32	2,617.32	2,591.42	2,612.26	2,612.26	1,572,600,000
Dec 09, 2011	2,603.18	2,653.46	2,603.18	2,646.85	2,646.85	1,664,710,000
Dec 08, 2011	2,633.30	2,645.92	2,592.55	2,596.38	2,596.38	1,845,640,000
Dec 07, 2011	2,638.61	2,660.24	2,612.80	2,649.21	2,649.21	1,658,010,000
Dec 06, 2011	2,655.02	2,663.63	2,639.18	2,649.56	2,649.56	1,491,130,000
Dec 05, 2011	2,666.47	2,674.53	2,641.59	2,655.76	2,655.76	1,686,660,000
Dec 02, 2011	2,650.80	2,659.23	2,625.07	2,626.93	2,626.93	1,662,730,000
Dec 01, 2011	2,615.67	2,636.08	2,611.48	2,626.20	2,626.20	1,826,860,000
Nov 30, 2011	2,586.39	2,620.34	2,582.49	2,620.34	2,620.34	2,440,960,000
Nov 29, 2011	2,529.11	2,542.46	2,508.27	2,515.51	2,515.51	1,623,550,000
Nov 28, 2011	2,509.63	2,531.32	2,507.72	2,527.34	2,527.34	1,626,060,000
Nov 25, 2011	2,453.03	2,477.03	2,441.48	2,441.51	2,441.51	691,750,000
Nov 23, 2011	2,501.18	2,503.38	2,460.08	2,460.08	2,460.08	1,707,770,000
Nov 22, 2011	2,517.64	2,534.40	2,499.19	2,521.28	2,521.28	1,792,060,000
Nov 21, 2011	2,535.34	2,539.87	2,500.89	2,523.14	2,523.14	2,048,520,000
Nov 18, 2011	2,595.02	2,595.84	2,567.15	2,572.50	2,572.50	1,755,360,000
Nov 17, 2011	2,637.37	2,637.48	2,576.22	2,587.99	2,587.99	2,197,320,000
Nov 16, 2011	2,661.09	2,688.86	2,637.91	2,639.61	2,639.61	1,950,030,000
Nov 15, 2011	2,647.91	2,695.87	2,644.00	2,686.20	2,686.20	1,706,960,000
Nov 14, 2011	2,671.11	2,682.13	2,647.48	2,657.22	2,657.22	1,401,710,000
Nov 11, 2011	2,653.53	2,684.67	2,649.85	2,678.75	2,678.75	1,602,640,000
Nov 10, 2011	2,652.01	2,652.40	2,601.79	2,625.15	2,625.15	1,892,390,000
Nov 09, 2011	2,662.56	2,672.34	2,617.93	2,621.65	2,621.65	2,144,160,000
Nov 08, 2011	2,712.08	2,730.39	2,680.93	2,727.49	2,727.49	1,850,270,000
Nov 07, 2011	2,683.38	2,697.02	2,649.06	2,695.25	2,695.25	1,712,700,000
Nov 04, 2011	2,678.16	2,693.67	2,655.12	2,686.15	2,686.15	1,930,750,000
Nov 03, 2011	2,666.21	2,699.84	2,628.22	2,697.97	2,697.97	2,106,240,000
Nov 02, 2011	2,637.56	2,648.46	2,613.74	2,639.98	2,639.98	1,921,790,000
Nov 01, 2011	2,607.31	2,638.60	2,597.16	2,606.96	2,606.96	2,294,220,000
Oct 31, 2011	2,705.89	2,716.70	2,684.13	2,684.41	2,684.41	1,772,560,000
Oct 28, 2011	2,724.03	2,742.27	2,723.03	2,737.15	2,737.15	1,838,530,000
Oct 27, 2011	2,720.59	2,753.37	2,694.27	2,738.63	2,738.63	2,810,680,000
Oct 26, 2011	2,660.42	2,666.29	2,598.74	2,650.67	2,650.67	2,118,650,000
Oct 25, 2011	2,685.86	2,685.88	2,633.94	2,638.42	2,638.42	1,777,770,000
Oct 24, 2011	2,644.83	2,703.07	2,643.94	2,699.44	2,699.44	1,884,450,000
Oct 21, 2011	2,630.30	2,646.92	2,611.11	2,637.46	2,637.46	2,019,950,000
Oct 20, 2011	2,605.42	2,606.39	2,557.17	2,598.62	2,598.62	2,040,180,000
Oct 19, 2011	2,642.89	2,651.88	2,597.77	2,604.04	2,604.04	1,980,180,000
Oct 18, 2011	2,614.05	2,667.57	2,586.31	2,657.43	2,657.43	1,931,690,000
Oct 17, 2011	2,653.32	2,658.25	2,606.91	2,614.92	2,614.92	1,675,210,000
Oct 14, 2011	2,655.23	2,667.85	2,636.00	2,667.85	2,667.85	1,664,350,000
Oct 13, 2011	2,595.05	2,625.22	2,588.71	2,620.24	2,620.24	1,675,220,000
Oct 12, 2011	2,606.61	2,629.49	2,602.31	2,604.73	2,604.73	1,967,190,000
Oct 11, 2011	2,554.70	2,587.28	2,551.94	2,583.03	2,583.03	1,661,400,000
Oct 10, 2011	2,522.72	2,566.05	2,519.78	2,566.05	2,566.05	1,574,750,000
Oct 07, 2011	2,509.61	2,512.14	2,468.60	2,479.35	2,479.35	2,084,900,000
Oct 06, 2011	2,459.05	2,507.44	2,446.72	2,506.82	2,506.82	2,249,140,000
Oct 05, 2011	2,398.37	2,466.50	2,380.96	2,460.51	2,460.51	2,472,400,000
Oct 04, 2011	2,312.68	2,406.67	2,298.89	2,404.82	2,404.82	3,040,940,000
Oct 03, 2011	2,401.19	2,430.88	2,335.23	2,335.83	2,335.83	2,547,690,000
Sep 30, 2011	2,444.77	2,468.98	2,415.07	2,415.40	2,415.40	2,041,370,000
Sep 29, 2011	2,535.52	2,538.97	2,433.58	2,480.76	2,480.76	2,290,370,000
Sep 28, 2011	2,557.86	2,569.79	2,491.07	2,491.58	2,491.58	1,929,310,000
Sep 27, 2011	2,560.78	2,590.94	2,532.65	2,546.83	2,546.83	2,095,620,000
Sep 26, 2011	2,496.98	2,518.91	2,446.12	2,516.69	2,516.69	1,982,710,000
Sep 23, 2011	2,438.63	2,490.72	2,438.28	2,483.23	2,483.23	1,975,200,000
Sep 22, 2011	2,466.06	2,494.31	2,420.23	2,455.67	2,455.67	2,919,330,000
Sep 21, 2011	2,601.06	2,613.29	2,537.46	2,538.19	2,538.19	2,172,030,000
Sep 20, 2011	2,623.89	2,643.37	2,589.52	2,590.24	2,590.24	1,914,990,000
Sep 19, 2011	2,584.35	2,627.34	2,564.46	2,612.83	2,612.83	1,891,770,000
Sep 16, 2011	2,607.12	2,627.28	2,600.96	2,622.31	2,622.31	2,703,730,000
Sep 15, 2011	2,595.45	2,608.95	2,569.78	2,607.07	2,607.07	1,967,730,000
Sep 14, 2011	2,548.45	2,600.78	2,519.80	2,572.55	2,572.55	2,323,770,000
Sep 13, 2011	2,502.59	2,537.40	2,494.07	2,532.15	2,532.15	1,931,390,000
Sep 12, 2011	2,442.86	2,495.36	2,438.40	2,495.09	2,495.09	1,980,350,000
Sep 09, 2011	2,508.12	2,518.40	2,452.93	2,467.99	2,467.99	2,054,190,000
Sep 08, 2011	2,533.81	2,568.45	2,520.80	2,529.14	2,529.14	1,979,990,000
Sep 07, 2011	2,511.50	2,548.94	2,507.52	2,548.94	2,548.94	1,791,480,000
Sep 06, 2011	2,417.61	2,477.77	2,414.31	2,473.83	2,473.83	1,737,170,000
Sep 02, 2011	2,497.28	2,512.78	2,469.35	2,480.33	2,480.33	1,571,530,000
Sep 01, 2011	2,583.34	2,604.50	2,543.56	2,546.04	2,546.04	1,742,440,000
Aug 31, 2011	2,589.75	2,611.58	2,557.74	2,579.46	2,579.46	1,995,490,000
Aug 30, 2011	2,547.07	2,589.53	2,534.68	2,576.11	2,576.11	1,871,800,000
Aug 29, 2011	2,510.99	2,562.58	2,510.13	2,562.11	2,562.11	1,615,510,000
Aug 26, 2011	2,408.79	2,486.04	2,385.27	2,479.85	2,479.85	1,852,130,000
Aug 25, 2011	2,470.96	2,482.90	2,415.24	2,419.63	2,419.63	1,789,230,000
Aug 24, 2011	2,437.48	2,470.80	2,420.48	2,467.69	2,467.69	1,888,640,000
Aug 23, 2011	2,360.95	2,446.06	2,349.08	2,446.06	2,446.06	2,147,270,000
Aug 22, 2011	2,396.88	2,397.34	2,337.28	2,345.38	2,345.38	1,957,230,000
Aug 19, 2011	2,353.32	2,415.18	2,338.66	2,341.84	2,341.84	2,385,300,000
Aug 18, 2011	2,436.38	2,437.01	2,362.97	2,380.43	2,380.43	2,775,580,000
Aug 17, 2011	2,527.79	2,549.11	2,488.09	2,511.48	2,511.48	1,913,320,000
Aug 16, 2011	2,526.48	2,546.74	2,494.55	2,523.45	2,523.45	2,074,370,000
Aug 15, 2011	2,522.04	2,555.20	2,514.52	2,555.20	2,555.20	1,945,850,000
Aug 12, 2011	2,507.01	2,524.09	2,481.50	2,507.98	2,507.98	2,232,470,000
Aug 11, 2011	2,415.54	2,516.39	2,399.56	2,492.68	2,492.68	3,134,140,000
Aug 10, 2011	2,425.55	2,461.28	2,378.08	2,381.05	2,381.05	3,397,010,000
Aug 09, 2011	2,402.13	2,483.66	2,331.65	2,482.52	2,482.52	3,803,050,000
Aug 08, 2011	2,447.30	2,489.39	2,357.69	2,357.69	2,357.69	3,987,990,000
Aug 05, 2011	2,580.30	2,592.04	2,464.87	2,532.41	2,532.41	3,750,150,000
Aug 04, 2011	2,648.38	2,653.79	2,556.38	2,556.39	2,556.39	3,272,990,000
Aug 03, 2011	2,673.97	2,695.37	2,621.67	2,693.07	2,693.07	2,601,310,000
Aug 02, 2011	2,728.29	2,745.87	2,668.68	2,669.24	2,669.24	2,377,250,000
Aug 01, 2011	2,791.45	2,796.24	2,716.30	2,744.61	2,744.61	2,209,790,000
Jul 29, 2011	2,736.67	2,780.58	2,724.99	2,756.38	2,756.38	2,301,210,000
Jul 28, 2011	2,765.61	2,800.11	2,757.85	2,766.25	2,766.25	2,067,020,000
Jul 27, 2011	2,823.62	2,823.86	2,761.00	2,764.79	2,764.79	2,367,470,000
Jul 26, 2011	2,842.74	2,851.72	2,832.27	2,839.96	2,839.96	1,739,980,000
Jul 25, 2011	2,832.11	2,859.40	2,828.91	2,842.80	2,842.80	1,613,240,000
Jul 22, 2011	2,834.46	2,862.72	2,830.58	2,858.83	2,858.83	1,665,220,000
Jul 21, 2011	2,818.79	2,847.41	2,807.71	2,834.43	2,834.43	2,284,150,000
Jul 20, 2011	2,839.39	2,839.65	2,808.18	2,814.23	2,814.23	1,863,670,000
Jul 19, 2011	2,790.98	2,828.65	2,790.98	2,826.52	2,826.52	1,882,760,000
Jul 18, 2011	2,777.61	2,783.76	2,743.79	2,765.11	2,765.11	1,752,220,000
Jul 15, 2011	2,787.33	2,790.16	2,768.28	2,789.80	2,789.80	1,804,380,000
Jul 14, 2011	2,804.82	2,817.38	2,755.90	2,762.67	2,762.67	1,946,500,000
Jul 13, 2011	2,800.88	2,825.86	2,789.57	2,796.92	2,796.92	1,885,510,000
Jul 12, 2011	2,798.75	2,807.57	2,780.16	2,781.91	2,781.91	2,015,410,000
Jul 11, 2011	2,828.10	2,841.12	2,795.54	2,802.62	2,802.62	1,765,920,000
Jul 08, 2011	2,841.29	2,860.02	2,831.16	2,859.81	2,859.81	1,612,120,000
Jul 07, 2011	2,856.25	2,878.94	2,853.90	2,872.66	2,872.66	1,873,710,000
Jul 06, 2011	2,821.42	2,838.85	2,812.80	2,834.02	2,834.02	1,639,490,000
Jul 05, 2011	2,817.87	2,828.53	2,810.00	2,825.77	2,825.77	1,556,620,000
Jul 01, 2011	2,775.08	2,818.19	2,769.06	2,816.03	2,816.03	1,646,380,000
Jun 30, 2011	2,749.37	2,776.56	2,749.11	2,773.52	2,773.52	1,859,130,000
Jun 29, 2011	2,736.76	2,746.62	2,722.26	2,740.49	2,740.49	1,804,490,000
Jun 28, 2011	2,694.26	2,729.94	2,692.45	2,729.31	2,729.31	1,682,590,000
Jun 27, 2011	2,653.07	2,697.34	2,647.55	2,688.28	2,688.28	1,710,740,000
Jun 24, 2011	2,681.10	2,682.41	2,647.46	2,652.89	2,652.89	2,842,870,000
Jun 23, 2011	2,638.60	2,688.07	2,627.47	2,686.75	2,686.75	2,060,450,000
Jun 22, 2011	2,677.18	2,693.23	2,668.35	2,669.19	2,669.19	1,617,370,000
Jun 21, 2011	2,640.33	2,688.50	2,634.04	2,687.26	2,687.26	1,882,490,000
Jun 20, 2011	2,608.05	2,636.55	2,607.74	2,629.66	2,629.66	1,625,850,000
Jun 17, 2011	2,646.29	2,648.54	2,608.99	2,616.48	2,616.48	2,393,690,000
Jun 16, 2011	2,631.98	2,642.65	2,599.86	2,623.70	2,623.70	1,958,250,000
Jun 15, 2011	2,653.17	2,669.75	2,625.86	2,631.46	2,631.46	1,982,430,000
Jun 14, 2011	2,662.73	2,685.65	2,662.73	2,678.72	2,678.72	1,701,300,000
Jun 13, 2011	2,649.30	2,657.77	2,629.61	2,639.69	2,639.69	1,847,050,000
Jun 10, 2011	2,675.10	2,676.72	2,641.64	2,643.73	2,643.73	1,972,000,000
Jun 09, 2011	2,678.52	2,696.69	2,670.02	2,684.87	2,684.87	1,704,960,000
Jun 08, 2011	2,693.69	2,698.08	2,671.09	2,675.38	2,675.38	2,089,320,000
Jun 07, 2011	2,712.79	2,723.32	2,701.17	2,701.56	2,701.56	1,847,300,000
Jun 06, 2011	2,728.31	2,736.66	2,702.20	2,702.56	2,702.56	1,878,150,000
Jun 03, 2011	2,740.49	2,762.56	2,730.63	2,732.78	2,732.78	1,936,400,000
Jun 02, 2011	2,773.76	2,784.57	2,759.17	2,773.31	2,773.31	1,919,030,000
Jun 01, 2011	2,829.39	2,834.05	2,767.63	2,769.19	2,769.19	2,254,850,000
May 31, 2011	2,824.25	2,835.34	2,808.60	2,835.30	2,835.30	2,450,090,000
May 27, 2011	2,789.02	2,801.15	2,788.29	2,796.86	2,796.86	1,641,320,000
May 26, 2011	2,756.31	2,787.33	2,756.06	2,782.92	2,782.92	1,904,400,000
May 25, 2011	2,739.99	2,771.38	2,739.85	2,761.38	2,761.38	1,894,510,000
May 24, 2011	2,766.70	2,767.50	2,744.01	2,746.16	2,746.16	1,875,370,000
May 23, 2011	2,761.96	2,770.51	2,750.64	2,758.90	2,758.90	1,795,680,000
May 20, 2011	2,815.96	2,821.44	2,796.27	2,803.32	2,803.32	1,780,140,000
May 19, 2011	2,824.05	2,828.41	2,805.12	2,823.31	2,823.31	1,753,390,000
May 18, 2011	2,782.65	2,817.15	2,780.83	2,815.00	2,815.00	1,875,150,000
May 17, 2011	2,769.17	2,783.61	2,759.29	2,783.21	2,783.21	2,220,440,000
May 16, 2011	2,815.90	2,828.14	2,779.54	2,782.31	2,782.31	2,066,020,000
May 13, 2011	2,859.70	2,861.51	2,827.51	2,828.47	2,828.47	1,917,050,000
May 12, 2011	2,833.67	2,865.86	2,819.37	2,863.04	2,863.04	2,209,650,000
May 11, 2011	2,867.16	2,874.61	2,829.68	2,845.06	2,845.06	2,258,770,000
May 10, 2011	2,851.91	2,873.64	2,850.01	2,871.89	2,871.89	2,018,000,000
May 09, 2011	2,828.24	2,850.39	2,823.67	2,843.25	2,843.25	1,649,110,000
May 06, 2011	2,840.71	2,859.25	2,818.65	2,827.56	2,827.56	2,043,740,000
May 05, 2011	2,812.84	2,845.85	2,804.82	2,814.72	2,814.72	2,227,690,000
May 04, 2011	2,842.92	2,848.16	2,808.79	2,828.23	2,828.23	2,209,580,000
May 03, 2011	2,859.30	2,861.95	2,825.50	2,841.62	2,841.62	2,214,380,000
May 02, 2011	2,881.28	2,887.75	2,859.84	2,864.08	2,864.08	2,062,630,000
Apr 29, 2011	2,869.74	2,876.83	2,863.04	2,873.54	2,873.54	2,455,650,000
Apr 28, 2011	2,862.82	2,874.59	2,859.62	2,872.53	2,872.53	1,983,630,000
Apr 27, 2011	2,853.88	2,870.80	2,842.61	2,869.88	2,869.88	2,071,380,000
Apr 26, 2011	2,832.48	2,856.61	2,829.00	2,847.54	2,847.54	2,057,740,000
Apr 25, 2011	2,820.28	2,826.26	2,813.20	2,825.88	2,825.88	1,480,600,000
Apr 21, 2011	2,820.77	2,820.77	2,808.55	2,820.16	2,820.16	2,094,470,000
Apr 20, 2011	2,788.84	2,802.99	2,785.98	2,802.51	2,802.51	2,094,470,000
Apr 19, 2011	2,741.35	2,746.18	2,727.12	2,744.97	2,744.97	1,675,970,000
Apr 18, 2011	2,731.22	2,737.46	2,706.50	2,735.38	2,735.38	1,786,230,000
Apr 15, 2011	2,752.87	2,769.29	2,743.75	2,764.65	2,764.65	1,785,050,000
Apr 14, 2011	2,743.12	2,762.18	2,733.68	2,760.22	2,760.22	1,717,650,000
Apr 13, 2011	2,762.69	2,772.05	2,744.85	2,761.52	2,761.52	1,744,940,000
Apr 12, 2011	2,755.89	2,760.62	2,737.07	2,744.79	2,744.79	1,818,610,000
Apr 11, 2011	2,789.49	2,792.95	2,760.84	2,771.51	2,771.51	2,053,190,000
Apr 08, 2011	2,806.29	2,808.56	2,771.42	2,780.42	2,780.42	1,650,810,000
Apr 07, 2011	2,799.59	2,813.22	2,781.13	2,796.14	2,796.14	1,806,900,000
Apr 06, 2011	2,808.11	2,815.55	2,786.80	2,799.82	2,799.82	1,996,750,000
Apr 05, 2011	2,787.78	2,806.20	2,785.27	2,791.19	2,791.19	1,954,520,000
Apr 04, 2011	2,796.26	2,799.73	2,778.87	2,789.19	2,789.19	1,705,920,000
Apr 01, 2011	2,796.67	2,802.63	2,779.71	2,789.60	2,789.60	2,090,120,000
Mar 31, 2011	2,774.23	2,783.98	2,769.52	2,781.07	2,781.07	1,896,420,000
Mar 30, 2011	2,772.36	2,779.95	2,763.77	2,776.79	2,776.79	1,818,410,000
Mar 29, 2011	2,727.83	2,756.89	2,720.19	2,756.89	2,756.89	1,631,160,000
Mar 28, 2011	2,752.33	2,754.63	2,730.68	2,730.68	2,730.68	1,669,260,000
Mar 25, 2011	2,746.34	2,762.55	2,740.17	2,743.06	2,743.06	1,857,570,000
Mar 24, 2011	2,715.88	2,740.39	2,703.42	2,736.42	2,736.42	1,954,180,000
Mar 23, 2011	2,677.56	2,704.30	2,660.17	2,698.30	2,698.30	1,769,950,000
Mar 22, 2011	2,692.13	2,695.46	2,679.41	2,683.87	2,683.87	1,657,430,000
Mar 21, 2011	2,675.47	2,699.70	2,674.99	2,692.09	2,692.09	1,751,060,000
Mar 18, 2011	2,665.54	2,665.56	2,639.76	2,643.67	2,643.67	1,986,900,000
Mar 17, 2011	2,656.08	2,660.50	2,634.17	2,636.05	2,636.05	1,994,360,000
Mar 16, 2011	2,652.92	2,669.27	2,603.50	2,616.82	2,616.82	2,596,000,000
Mar 15, 2011	2,619.40	2,680.57	2,618.50	2,667.33	2,667.33	2,359,830,000
Mar 14, 2011	2,695.66	2,715.22	2,682.09	2,700.97	2,700.97	1,782,070,000
Mar 11, 2011	2,689.65	2,724.61	2,689.41	2,715.61	2,715.61	1,851,810,000
Mar 10, 2011	2,719.29	2,721.21	2,695.08	2,701.02	2,701.02	2,363,330,000
Mar 09, 2011	2,756.34	2,761.77	2,737.68	2,751.72	2,751.72	1,996,700,000
Mar 08, 2011	2,745.23	2,775.41	2,729.85	2,765.77	2,765.77	1,835,540,000
Mar 07, 2011	2,793.19	2,794.82	2,724.51	2,745.63	2,745.63	2,189,970,000
Mar 04, 2011	2,797.64	2,798.07	2,768.12	2,784.67	2,784.67	1,897,900,000
Mar 03, 2011	2,774.48	2,802.32	2,774.48	2,798.74	2,798.74	1,990,380,000
Mar 02, 2011	2,735.05	2,763.95	2,734.08	2,748.07	2,748.07	1,986,900,000
Mar 01, 2011	2,791.08	2,791.23	2,730.72	2,737.41	2,737.41	2,212,860,000
Feb 28, 2011	2,791.28	2,798.43	2,767.61	2,782.27	2,782.27	2,009,500,000
Feb 25, 2011	2,752.16	2,781.12	2,751.81	2,781.05	2,781.05	1,867,820,000
Feb 24, 2011	2,726.59	2,745.29	2,707.80	2,737.90	2,737.90	2,065,290,000
Feb 23, 2011	2,755.20	2,761.70	2,705.54	2,722.99	2,722.99	2,479,150,000
Feb 22, 2011	2,795.44	2,808.18	2,752.75	2,756.42	2,756.42	2,262,100,000
Feb 18, 2011	2,833.35	2,840.51	2,823.65	2,833.95	2,833.95	2,109,460,000
Feb 17, 2011	2,816.12	2,835.20	2,815.08	2,831.58	2,831.58	1,939,320,000
Feb 16, 2011	2,815.09	2,828.19	2,811.52	2,825.56	2,825.56	2,276,980,000
Feb 15, 2011	2,809.02	2,813.13	2,798.83	2,804.35	2,804.35	2,006,220,000
Feb 14, 2011	2,810.19	2,819.87	2,808.27	2,817.18	2,817.18	1,964,780,000
Feb 11, 2011	2,783.16	2,810.56	2,778.21	2,809.44	2,809.44	2,066,700,000
Feb 10, 2011	2,764.76	2,791.43	2,762.34	2,790.45	2,790.45	2,497,540,000
Feb 09, 2011	2,791.13	2,798.91	2,780.89	2,789.07	2,789.07	1,930,820,000
Feb 08, 2011	2,782.41	2,797.05	2,776.35	2,797.05	2,797.05	1,803,010,000
Feb 07, 2011	2,773.26	2,796.50	2,772.81	2,783.99	2,783.99	1,768,090,000
Feb 04, 2011	2,755.85	2,769.70	2,747.86	2,769.30	2,769.30	1,956,710,000
Feb 03, 2011	2,746.74	2,757.54	2,725.78	2,753.88	2,753.88	1,941,260,000
Feb 02, 2011	2,744.68	2,758.51	2,743.76	2,749.56	2,749.56	2,024,600,000
Feb 01, 2011	2,717.61	2,755.97	2,716.64	2,751.19	2,751.19	2,255,990,000
Jan 31, 2011	2,693.30	2,706.30	2,676.87	2,700.08	2,700.08	1,952,310,000
Jan 28, 2011	2,755.28	2,755.28	2,679.57	2,686.89	2,686.89	2,371,140,000
Jan 27, 2011	2,745.16	2,763.64	2,740.30	2,755.28	2,755.28	2,020,550,000
Jan 26, 2011	2,724.52	2,746.03	2,717.63	2,739.50	2,739.50	2,031,410,000
Jan 25, 2011	2,704.25	2,719.34	2,697.51	2,719.25	2,719.25	1,936,120,000
Jan 24, 2011	2,693.03	2,719.73	2,687.97	2,717.55	2,717.55	1,871,300,000
Jan 21, 2011	2,716.92	2,722.74	2,688.53	2,689.54	2,689.54	1,916,960,000
Jan 20, 2011	2,712.40	2,714.10	2,686.59	2,704.29	2,704.29	2,323,250,000
Jan 19, 2011	2,762.81	2,764.35	2,717.79	2,725.36	2,725.36	2,130,930,000
Jan 18, 2011	2,744.80	2,766.17	2,744.26	2,765.85	2,765.85	2,020,190,000
Jan 14, 2011	2,732.48	2,755.30	2,729.62	2,755.30	2,755.30	2,020,210,000
Jan 13, 2011	2,734.93	2,742.43	2,727.14	2,735.29	2,735.29	1,923,900,000
Jan 12, 2011	2,731.45	2,737.33	2,722.32	2,737.33	2,737.33	1,873,960,000
Jan 11, 2011	2,719.60	2,722.75	2,706.58	2,716.83	2,716.83	1,893,100,000
Jan 10, 2011	2,691.47	2,712.32	2,682.25	2,707.80	2,707.80	1,868,870,000
Jan 07, 2011	2,712.75	2,715.96	2,676.36	2,703.17	2,703.17	1,976,220,000
Jan 06, 2011	2,704.38	2,712.35	2,697.73	2,709.89	2,709.89	2,095,490,000
Jan 05, 2011	2,673.91	2,702.20	2,671.89	2,702.20	2,702.20	2,060,750,000
Jan 04, 2011	2,699.86	2,700.88	2,663.64	2,681.25	2,681.25	2,015,440,000
Jan 03, 2011	2,676.65	2,704.86	2,676.34	2,691.52	2,691.52	1,919,660,000
