Nasdaq Composite 

Date, Open, High, Low, Close, Adj. Close, Volume 

Dec 23, 2021	15,544.80	15,697.98	15,528.91	15,653.37	15,653.37	3,529,383,000
Dec 22, 2021	15,319.16	15,525.97	15,303.06	15,521.89	15,521.89	4,080,900,000
Dec 21, 2021	15,140.43	15,349.06	15,015.03	15,341.09	15,341.09	4,546,230,000
Dec 20, 2021	14,933.00	15,007.30	14,860.04	14,980.94	14,980.94	4,576,750,000
Dec 17, 2021	15,036.77	15,288.78	14,960.37	15,169.68	15,169.68	7,616,320,000
Dec 16, 2021	15,629.08	15,633.19	15,119.49	15,180.43	15,180.43	4,890,470,000
Dec 15, 2021	15,230.71	15,575.76	15,055.23	15,565.58	15,565.58	5,318,850,000
Dec 14, 2021	15,215.96	15,317.55	15,097.35	15,237.64	15,237.64	4,802,460,000
Dec 13, 2021	15,621.27	15,637.06	15,408.25	15,413.28	15,413.28	4,549,170,000
Dec 10, 2021	15,629.59	15,677.60	15,477.85	15,630.60	15,630.60	4,395,460,000
Dec 09, 2021	15,720.54	15,796.05	15,511.12	15,517.37	15,517.37	4,484,230,000
Dec 08, 2021	15,690.65	15,792.64	15,618.88	15,786.99	15,786.99	4,600,800,000
Dec 07, 2021	15,510.91	15,720.09	15,507.66	15,686.92	15,686.92	5,091,220,000
Dec 06, 2021	15,117.63	15,281.99	14,931.61	15,225.15	15,225.15	5,095,960,000
Dec 03, 2021	15,428.71	15,470.36	14,931.06	15,085.47	15,085.47	5,859,520,000
Dec 02, 2021	15,181.82	15,444.54	15,150.12	15,381.32	15,381.32	5,390,100,000
Dec 01, 2021	15,752.27	15,816.82	15,243.93	15,254.05	15,254.05	6,266,020,000
Nov 30, 2021	15,716.50	15,828.20	15,451.39	15,537.69	15,537.69	6,609,380,000
Nov 29, 2021	15,719.42	15,833.11	15,644.61	15,782.83	15,782.83	4,800,570,000
Nov 26, 2021	15,664.38	15,731.54	15,456.09	15,491.66	15,491.66	3,502,030,000
Nov 24, 2021	15,677.88	15,848.56	15,591.36	15,845.23	15,845.23	4,178,630,000
Nov 23, 2021	15,809.50	15,895.86	15,601.46	15,775.14	15,775.14	5,412,610,000
Nov 22, 2021	16,120.92	16,212.23	15,851.04	15,854.76	15,854.76	5,531,070,000
Nov 19, 2021	16,042.16	16,121.12	16,017.23	16,057.44	16,057.44	4,849,160,000
Nov 18, 2021	15,973.39	16,010.88	15,848.83	15,993.71	15,993.71	5,361,690,000
Nov 17, 2021	15,973.62	15,998.57	15,909.39	15,921.57	15,921.57	5,024,540,000
Nov 16, 2021	15,840.32	15,989.61	15,825.00	15,973.86	15,973.86	5,441,150,000
Nov 15, 2021	15,894.82	15,918.45	15,778.31	15,853.85	15,853.85	4,978,040,000
Nov 12, 2021	15,752.62	15,874.57	15,705.38	15,860.96	15,860.96	5,412,870,000
Nov 11, 2021	15,752.08	15,768.03	15,695.77	15,704.28	15,704.28	4,520,600,000
Nov 10, 2021	15,753.84	15,867.24	15,543.68	15,622.71	15,622.71	5,336,480,000
Nov 09, 2021	16,024.13	16,035.21	15,836.68	15,886.54	15,886.54	5,531,330,000
Nov 08, 2021	15,995.72	16,038.23	15,961.81	15,982.36	15,982.36	5,620,280,000
Nov 05, 2021	16,003.56	16,053.39	15,900.78	15,971.59	15,971.59	5,534,130,000
Nov 04, 2021	15,849.74	15,966.09	15,827.66	15,940.31	15,940.31	5,252,570,000
Nov 03, 2021	15,658.52	15,821.57	15,616.44	15,811.58	15,811.58	5,274,520,000
Nov 02, 2021	15,583.98	15,656.60	15,569.27	15,649.60	15,649.60	5,118,540,000
Nov 01, 2021	15,541.26	15,598.95	15,470.82	15,595.92	15,595.92	5,239,250,000
Oct 29, 2021	15,323.29	15,504.12	15,323.29	15,498.39	15,498.39	5,310,370,000
Oct 28, 2021	15,304.74	15,452.30	15,290.31	15,448.12	15,448.12	5,660,240,000
Oct 27, 2021	15,276.00	15,364.54	15,235.84	15,235.84	15,235.84	6,083,210,000
Oct 26, 2021	15,317.50	15,384.00	15,198.23	15,235.71	15,235.71	7,035,470,000
Oct 25, 2021	15,142.92	15,259.63	15,070.75	15,226.71	15,226.71	5,677,320,000
Oct 22, 2021	15,158.07	15,193.01	15,021.02	15,090.20	15,090.20	5,719,760,000
Oct 21, 2021	15,104.80	15,222.25	15,094.14	15,215.70	15,215.70	4,880,390,000
Oct 20, 2021	15,160.00	15,178.39	15,071.15	15,121.68	15,121.68	4,086,590,000
Oct 19, 2021	15,073.13	15,137.85	15,049.73	15,129.09	15,129.09	4,443,000,000
Oct 18, 2021	14,839.74	15,026.68	14,833.28	15,021.81	15,021.81	4,142,540,000
Oct 15, 2021	14,891.24	14,904.98	14,847.96	14,897.34	14,897.34	4,473,930,000
Oct 14, 2021	14,717.50	14,827.56	14,699.52	14,823.43	14,823.43	4,240,520,000
Oct 13, 2021	14,537.17	14,589.28	14,471.88	14,571.64	14,571.64	4,032,440,000
Oct 12, 2021	14,539.09	14,552.71	14,441.60	14,465.92	14,465.92	4,037,030,000
Oct 11, 2021	14,540.08	14,665.99	14,482.62	14,486.20	14,486.20	3,522,230,000
Oct 08, 2021	14,694.72	14,699.91	14,569.68	14,579.54	14,579.54	3,557,630,000
Oct 07, 2021	14,631.80	14,755.72	14,615.14	14,654.02	14,654.02	3,936,210,000
Oct 06, 2021	14,289.45	14,509.55	14,259.07	14,501.91	14,501.91	4,443,760,000
Oct 05, 2021	14,312.86	14,508.65	14,299.78	14,433.83	14,433.83	4,143,190,000
Oct 04, 2021	14,493.12	14,499.74	14,181.69	14,255.48	14,255.48	4,539,650,000
Oct 01, 2021	14,494.93	14,606.82	14,324.01	14,566.70	14,566.70	4,688,550,000
Sep 30, 2021	14,582.60	14,632.36	14,444.30	14,448.58	14,448.58	5,910,550,000
Sep 29, 2021	14,614.88	14,676.62	14,493.67	14,512.44	14,512.44	5,246,170,000
Sep 28, 2021	14,787.21	14,817.74	14,539.88	14,546.68	14,546.68	4,954,270,000
Sep 27, 2021	14,954.18	15,003.16	14,864.96	14,969.97	14,969.97	4,619,450,000
Sep 24, 2021	14,961.61	15,067.56	14,946.57	15,047.70	15,047.70	3,972,140,000
Sep 23, 2021	14,960.00	15,085.44	14,932.51	15,052.24	15,052.24	4,176,520,000
Sep 22, 2021	14,800.59	14,950.12	14,767.01	14,896.85	14,896.85	4,229,870,000
Sep 21, 2021	14,803.36	14,847.03	14,696.47	14,746.40	14,746.40	4,056,340,000
Sep 20, 2021	14,758.14	14,841.82	14,530.07	14,713.90	14,713.90	4,860,630,000
Sep 17, 2021	15,163.36	15,166.56	14,998.73	15,043.97	15,043.97	6,682,650,000
Sep 16, 2021	15,120.09	15,205.50	15,047.14	15,181.92	15,181.92	3,681,700,000
Sep 15, 2021	15,071.34	15,174.38	14,984.68	15,161.53	15,161.53	4,446,270,000
Sep 14, 2021	15,168.45	15,181.19	15,008.30	15,037.76	15,037.76	4,571,950,000
Sep 13, 2021	15,211.43	15,215.44	15,030.85	15,105.58	15,105.58	4,701,190,000
Sep 10, 2021	15,332.92	15,349.47	15,111.31	15,115.49	15,115.49	4,567,980,000
Sep 09, 2021	15,296.06	15,352.38	15,245.17	15,248.25	15,248.25	3,997,250,000
Sep 08, 2021	15,360.35	15,360.35	15,206.61	15,286.64	15,286.64	4,113,530,000
Sep 07, 2021	15,375.98	15,403.44	15,343.28	15,374.33	15,374.33	3,967,040,000
Sep 03, 2021	15,313.41	15,375.56	15,283.67	15,363.52	15,363.52	3,692,170,000
Sep 02, 2021	15,358.47	15,380.07	15,285.35	15,331.18	15,331.18	4,018,120,000
Sep 01, 2021	15,308.98	15,379.50	15,302.11	15,309.38	15,309.38	4,248,030,000
Aug 31, 2021	15,262.88	15,278.96	15,202.67	15,259.24	15,259.24	4,170,170,000
Aug 30, 2021	15,165.94	15,288.08	15,165.12	15,265.89	15,265.89	4,034,110,000
Aug 27, 2021	14,969.77	15,144.48	14,966.52	15,129.50	15,129.50	4,006,310,000
Aug 26, 2021	15,025.17	15,059.63	14,939.56	14,945.81	14,945.81	3,610,970,000
Aug 25, 2021	15,039.03	15,059.43	15,011.58	15,041.86	15,041.86	3,629,990,000
Aug 24, 2021	14,978.14	15,034.89	14,965.54	15,019.80	15,019.80	3,792,870,000
Aug 23, 2021	14,776.98	14,963.47	14,776.98	14,942.65	14,942.65	3,893,990,000
Aug 20, 2021	14,571.53	14,722.16	14,571.53	14,714.66	14,714.66	3,864,780,000
Aug 19, 2021	14,423.16	14,610.76	14,423.16	14,541.79	14,541.79	4,172,870,000
Aug 18, 2021	14,636.24	14,697.25	14,516.30	14,525.91	14,525.91	3,814,120,000
Aug 17, 2021	14,670.56	14,716.95	14,550.88	14,656.18	14,656.18	4,151,190,000
Aug 16, 2021	14,771.53	14,794.68	14,610.02	14,793.76	14,793.76	3,953,840,000
Aug 13, 2021	14,825.07	14,850.61	14,797.22	14,822.90	14,822.90	4,038,130,000
Aug 12, 2021	14,751.36	14,824.31	14,698.94	14,816.26	14,816.26	4,020,260,000
Aug 11, 2021	14,834.38	14,842.50	14,692.41	14,765.14	14,765.14	3,980,530,000
Aug 10, 2021	14,887.75	14,894.61	14,754.48	14,788.09	14,788.09	3,978,790,000
Aug 09, 2021	14,855.76	14,883.81	14,802.69	14,860.18	14,860.18	4,095,760,000
Aug 06, 2021	14,864.22	14,890.18	14,788.59	14,835.76	14,835.76	4,159,050,000
Aug 05, 2021	14,794.08	14,896.47	14,776.03	14,895.12	14,895.12	4,087,320,000
Aug 04, 2021	14,747.21	14,812.37	14,734.12	14,780.53	14,780.53	4,319,400,000
Aug 03, 2021	14,713.99	14,762.60	14,584.09	14,761.29	14,761.29	4,117,520,000
Aug 02, 2021	14,758.60	14,770.41	14,665.67	14,681.07	14,681.07	3,738,200,000
Jul 30, 2021	14,615.85	14,728.78	14,615.85	14,672.68	14,672.68	3,628,750,000
Jul 29, 2021	14,771.17	14,833.74	14,761.38	14,778.26	14,778.26	3,904,590,000
Jul 28, 2021	14,715.66	14,798.88	14,645.63	14,762.58	14,762.58	4,235,390,000
Jul 27, 2021	14,807.95	14,811.08	14,503.76	14,660.58	14,660.58	4,300,000,000
Jul 26, 2021	14,821.03	14,863.65	14,790.49	14,840.71	14,840.71	4,409,960,000
Jul 23, 2021	14,753.06	14,846.06	14,698.77	14,836.99	14,836.99	3,959,410,000
Jul 22, 2021	14,652.72	14,694.19	14,617.87	14,684.60	14,684.60	3,574,560,000
Jul 21, 2021	14,508.75	14,633.14	14,498.65	14,631.95	14,631.95	4,075,150,000
Jul 20, 2021	14,330.46	14,555.75	14,271.23	14,498.88	14,498.88	4,618,980,000
Jul 19, 2021	14,235.98	14,313.60	14,178.66	14,274.98	14,274.98	4,507,040,000
Jul 16, 2021	14,597.51	14,623.02	14,413.32	14,427.24	14,427.24	4,048,940,000
Jul 15, 2021	14,635.78	14,650.37	14,451.80	14,543.13	14,543.13	4,493,540,000
Jul 14, 2021	14,780.90	14,790.55	14,632.95	14,644.95	14,644.95	4,461,730,000
Jul 13, 2021	14,715.13	14,803.68	14,660.19	14,677.65	14,677.65	4,553,380,000
Jul 12, 2021	14,743.86	14,761.08	14,672.63	14,733.24	14,733.24	3,864,500,000
Jul 09, 2021	14,578.43	14,710.20	14,552.26	14,701.92	14,701.92	3,809,040,000
Jul 08, 2021	14,409.20	14,610.06	14,371.59	14,559.78	14,559.78	4,550,600,000
Jul 07, 2021	14,753.41	14,755.33	14,580.79	14,665.06	14,665.06	4,582,030,000
Jul 06, 2021	14,661.55	14,687.00	14,529.80	14,663.64	14,663.64	4,464,780,000
Jul 02, 2021	14,582.98	14,649.11	14,555.34	14,639.33	14,639.33	3,731,730,000
Jul 01, 2021	14,493.69	14,533.55	14,439.40	14,522.38	14,522.38	4,371,620,000
Jun 30, 2021	14,509.85	14,526.81	14,478.06	14,503.95	14,503.95	5,264,790,000
Jun 29, 2021	14,509.19	14,535.97	14,471.38	14,528.33	14,528.33	4,842,860,000
Jun 28, 2021	14,417.81	14,505.19	14,417.20	14,500.51	14,500.51	4,235,620,000
Jun 25, 2021	14,400.81	14,409.08	14,337.65	14,360.39	14,360.39	7,436,800,000
Jun 24, 2021	14,357.27	14,414.46	14,333.70	14,369.71	14,369.71	4,297,280,000
Jun 23, 2021	14,263.38	14,317.66	14,246.30	14,271.73	14,271.73	4,394,600,000
Jun 22, 2021	14,138.29	14,269.77	14,121.00	14,253.27	14,253.27	4,405,260,000
Jun 21, 2021	14,047.42	14,150.78	13,960.04	14,141.48	14,141.48	4,523,120,000
Jun 18, 2021	14,096.93	14,129.22	14,009.04	14,030.38	14,030.38	6,105,960,000
Jun 17, 2021	13,999.13	14,196.21	13,998.93	14,161.35	14,161.35	4,526,780,000
Jun 16, 2021	14,085.55	14,129.69	13,903.73	14,039.68	14,039.68	4,632,480,000
Jun 15, 2021	14,166.64	14,171.02	14,052.16	14,072.86	14,072.86	4,517,770,000
Jun 14, 2021	14,083.47	14,175.45	14,056.67	14,174.14	14,174.14	4,394,380,000
Jun 11, 2021	14,030.85	14,069.42	14,006.59	14,069.42	14,069.42	4,140,190,000
Jun 10, 2021	13,933.88	14,031.19	13,904.40	14,020.33	14,020.33	4,889,500,000
Jun 09, 2021	13,980.23	14,003.50	13,906.45	13,911.75	13,911.75	5,607,720,000
Jun 08, 2021	13,946.32	13,981.72	13,831.98	13,924.91	13,924.91	5,894,140,000
Jun 07, 2021	13,802.82	13,889.11	13,784.89	13,881.72	13,881.72	4,602,940,000
Jun 04, 2021	13,697.25	13,826.82	13,692.01	13,814.49	13,814.49	4,341,800,000
Jun 03, 2021	13,655.75	13,684.13	13,548.93	13,614.51	13,614.51	5,367,460,000
Jun 02, 2021	13,743.24	13,775.89	13,689.74	13,756.33	13,756.33	5,059,810,000
Jun 01, 2021	13,829.06	13,836.17	13,678.77	13,736.48	13,736.48	4,155,670,000
May 28, 2021	13,792.05	13,820.87	13,747.61	13,748.74	13,748.74	4,435,220,000
May 27, 2021	13,742.59	13,776.52	13,701.63	13,736.28	13,736.28	5,057,550,000
May 26, 2021	13,693.94	13,750.16	13,679.59	13,738.00	13,738.00	4,231,140,000
May 25, 2021	13,721.54	13,751.14	13,631.80	13,657.17	13,657.17	4,084,480,000
May 24, 2021	13,557.21	13,708.85	13,551.01	13,661.17	13,661.17	3,490,650,000
May 21, 2021	13,616.19	13,616.58	13,463.26	13,470.99	13,470.99	3,704,590,000
May 20, 2021	13,356.63	13,563.52	13,355.71	13,535.74	13,535.74	3,972,730,000
May 19, 2021	13,078.19	13,304.61	13,072.23	13,299.74	13,299.74	4,314,980,000
May 18, 2021	13,416.90	13,485.34	13,299.93	13,303.64	13,303.64	4,283,680,000
May 17, 2021	13,368.80	13,399.17	13,265.40	13,379.05	13,379.05	3,980,630,000
May 14, 2021	13,255.65	13,460.88	13,242.97	13,429.98	13,429.98	4,008,110,000
May 13, 2021	13,150.94	13,247.87	13,007.24	13,124.99	13,124.99	4,681,530,000
May 12, 2021	13,215.49	13,288.61	13,002.54	13,031.68	13,031.68	4,730,740,000
May 11, 2021	13,115.85	13,423.31	13,107.67	13,389.43	13,389.43	4,719,720,000
May 10, 2021	13,687.59	13,687.93	13,401.74	13,401.86	13,401.86	4,795,690,000
May 07, 2021	13,723.09	13,828.62	13,690.75	13,752.24	13,752.24	4,376,800,000
May 06, 2021	13,557.83	13,635.73	13,439.39	13,632.84	13,632.84	5,000,710,000
May 05, 2021	13,731.13	13,753.05	13,553.93	13,582.42	13,582.42	4,517,100,000
May 04, 2021	13,774.51	13,795.57	13,485.59	13,633.50	13,633.50	5,852,850,000
May 03, 2021	14,031.77	14,042.12	13,881.51	13,895.12	13,895.12	4,718,850,000
Apr 30, 2021	13,970.73	14,084.76	13,941.63	13,962.68	13,962.68	4,762,770,000
Apr 29, 2021	14,204.51	14,211.57	13,952.80	14,082.55	14,082.55	4,854,340,000
Apr 28, 2021	14,082.78	14,133.65	14,034.70	14,051.03	14,051.03	4,532,050,000
Apr 27, 2021	14,170.91	14,171.24	14,064.28	14,090.22	14,090.22	4,665,430,000
Apr 26, 2021	14,052.38	14,154.03	14,019.50	14,138.78	14,138.78	4,479,480,000
Apr 23, 2021	13,861.37	14,062.74	13,856.83	14,016.81	14,016.81	4,332,500,000
Apr 22, 2021	13,952.57	14,015.87	13,771.04	13,818.41	13,818.41	4,397,030,000
Apr 21, 2021	13,745.77	13,951.35	13,706.86	13,950.22	13,950.22	3,967,090,000
Apr 20, 2021	13,894.46	13,927.67	13,698.67	13,786.27	13,786.27	4,229,410,000
Apr 19, 2021	13,984.58	14,041.79	13,842.57	13,914.77	13,914.77	4,349,340,000
Apr 16, 2021	14,059.11	14,062.50	13,977.05	14,052.34	14,052.34	4,414,640,000
Apr 15, 2021	13,983.23	14,049.13	13,970.42	14,038.76	14,038.76	4,382,620,000
Apr 14, 2021	14,004.08	14,033.63	13,839.04	13,857.84	13,857.84	4,102,380,000
Apr 13, 2021	13,902.45	14,011.51	13,902.45	13,996.10	13,996.10	4,200,290,000
Apr 12, 2021	13,854.44	13,877.00	13,783.95	13,850.00	13,850.00	4,230,160,000
Apr 09, 2021	13,787.02	13,905.41	13,748.35	13,900.19	13,900.19	3,906,460,000
Apr 08, 2021	13,796.89	13,830.14	13,758.71	13,829.31	13,829.31	4,133,640,000
Apr 07, 2021	13,675.30	13,733.03	13,653.59	13,688.84	13,688.84	4,078,990,000
Apr 06, 2021	13,681.67	13,776.71	13,674.28	13,698.38	13,698.38	4,038,510,000
Apr 05, 2021	13,594.90	13,720.58	13,582.76	13,705.59	13,705.59	4,439,970,000
Apr 01, 2021	13,414.32	13,487.08	13,404.18	13,480.11	13,480.11	4,553,470,000
Mar 31, 2021	13,122.57	13,325.54	13,118.38	13,246.87	13,246.87	4,980,670,000
Mar 30, 2021	13,008.80	13,075.75	12,922.57	13,045.39	13,045.39	4,685,320,000
Mar 29, 2021	13,103.97	13,143.41	12,968.16	13,059.65	13,059.65	4,934,000,000
Mar 26, 2021	12,996.03	13,149.55	12,878.72	13,138.73	13,138.73	5,195,330,000
Mar 25, 2021	12,844.58	13,021.86	12,786.81	12,977.68	12,977.68	5,608,640,000
Mar 24, 2021	13,289.24	13,292.92	12,961.35	12,961.89	12,961.89	6,184,470,000
Mar 23, 2021	13,381.43	13,405.15	13,202.43	13,227.70	13,227.70	5,607,860,000
Mar 22, 2021	13,278.78	13,455.64	13,278.78	13,377.54	13,377.54	5,302,770,000
Mar 19, 2021	13,119.90	13,252.37	13,039.45	13,215.24	13,215.24	7,591,530,000
Mar 18, 2021	13,349.20	13,384.46	13,101.92	13,116.17	13,116.17	5,699,900,000
Mar 17, 2021	13,336.91	13,595.00	13,272.69	13,525.20	13,525.20	5,465,500,000
Mar 16, 2021	13,523.17	13,620.71	13,397.08	13,471.57	13,471.57	5,463,770,000
Mar 15, 2021	13,323.47	13,460.35	13,272.50	13,459.71	13,459.71	5,933,440,000
Mar 12, 2021	13,222.81	13,324.69	13,158.72	13,319.86	13,319.86	5,472,340,000
Mar 11, 2021	13,273.31	13,433.62	13,246.33	13,398.67	13,398.67	5,956,260,000
Mar 10, 2021	13,234.73	13,277.11	13,035.44	13,068.83	13,068.83	5,991,730,000
Mar 09, 2021	12,923.07	13,151.54	12,882.49	13,073.82	13,073.82	6,294,910,000
Mar 08, 2021	12,904.26	13,001.00	12,599.23	12,609.16	12,609.16	5,971,260,000
Mar 05, 2021	12,860.04	12,941.21	12,397.05	12,920.15	12,920.15	7,696,900,000
Mar 04, 2021	12,953.99	13,068.71	12,553.96	12,723.47	12,723.47	7,799,710,000
Mar 03, 2021	13,336.25	13,372.52	12,995.07	12,997.75	12,997.75	5,493,960,000
Mar 02, 2021	13,599.45	13,601.33	13,352.00	13,358.79	13,358.79	4,920,320,000
Mar 01, 2021	13,406.16	13,596.59	13,362.66	13,588.83	13,588.83	5,047,710,000
Feb 26, 2021	13,232.90	13,368.06	13,024.53	13,192.35	13,192.35	5,883,880,000
Feb 25, 2021	13,512.64	13,602.86	13,066.38	13,119.43	13,119.43	6,335,240,000
Feb 24, 2021	13,400.25	13,607.36	13,286.59	13,597.97	13,597.97	5,793,430,000
Feb 23, 2021	13,262.61	13,526.09	13,003.98	13,465.20	13,465.20	7,482,840,000
Feb 22, 2021	13,714.20	13,757.06	13,530.96	13,533.05	13,533.05	6,435,100,000
Feb 19, 2021	13,929.20	13,985.58	13,842.60	13,874.46	13,874.46	6,686,060,000
Feb 18, 2021	13,814.67	13,905.96	13,714.35	13,865.36	13,865.36	6,454,280,000
Feb 17, 2021	13,911.65	13,976.43	13,804.26	13,965.49	13,965.49	7,227,140,000
Feb 16, 2021	14,152.21	14,175.12	13,995.45	14,047.50	14,047.50	7,646,300,000
Feb 12, 2021	13,979.21	14,102.04	13,937.71	14,095.47	14,095.47	7,352,960,000
Feb 11, 2021	14,045.21	14,058.91	13,916.85	14,025.77	14,025.77	10,000,200,000
Feb 10, 2021	14,093.35	14,109.12	13,845.47	13,972.53	13,972.53	10,165,550,000
Feb 09, 2021	13,966.82	14,044.95	13,966.55	14,007.70	14,007.70	8,658,980,000
Feb 08, 2021	13,937.06	13,987.74	13,894.15	13,987.64	13,987.64	8,439,940,000
Feb 05, 2021	13,824.88	13,878.16	13,761.66	13,856.30	13,856.30	6,697,720,000
Feb 04, 2021	13,674.06	13,778.42	13,631.62	13,777.74	13,777.74	7,218,680,000
Feb 03, 2021	13,718.31	13,723.83	13,585.34	13,610.54	13,610.54	7,465,240,000
Feb 02, 2021	13,543.10	13,652.70	13,535.86	13,612.78	13,612.78	7,240,220,000
Feb 01, 2021	13,226.18	13,431.46	13,132.47	13,403.39	13,403.39	7,014,220,000
Jan 29, 2021	13,284.72	13,322.00	12,985.05	13,070.69	13,070.69	7,809,670,000
Jan 28, 2021	13,323.29	13,507.64	13,316.52	13,337.16	13,337.16	9,823,150,000
Jan 27, 2021	13,486.58	13,538.42	13,192.91	13,270.60	13,270.60	11,102,160,000
Jan 26, 2021	13,681.72	13,702.69	13,603.19	13,626.06	13,626.06	6,781,460,000
Jan 25, 2021	13,681.21	13,728.98	13,368.68	13,635.99	13,635.99	7,139,410,000
Jan 22, 2021	13,474.81	13,567.14	13,463.66	13,543.06	13,543.06	5,931,240,000
Jan 21, 2021	13,521.48	13,560.35	13,454.07	13,530.91	13,530.91	7,183,390,000
Jan 20, 2021	13,342.55	13,486.13	13,329.77	13,457.25	13,457.25	6,771,630,000
Jan 19, 2021	13,132.73	13,206.86	13,078.70	13,197.18	13,197.18	6,229,100,000
Jan 15, 2021	13,099.90	13,139.83	12,949.76	12,998.50	12,998.50	6,402,970,000
Jan 14, 2021	13,174.75	13,220.16	13,098.41	13,112.64	13,112.64	6,671,090,000
Jan 13, 2021	13,088.01	13,171.15	13,051.06	13,128.95	13,128.95	7,072,920,000
Jan 12, 2021	13,062.06	13,105.04	12,963.92	13,072.43	13,072.43	7,181,380,000
Jan 11, 2021	13,048.78	13,138.27	12,999.51	13,036.43	13,036.43	6,876,420,000
Jan 08, 2021	13,160.22	13,208.09	13,036.55	13,201.98	13,201.98	7,223,660,000
Jan 07, 2021	12,867.34	13,090.91	12,867.34	13,067.48	13,067.48	6,777,010,000
Jan 06, 2021	12,666.15	12,909.63	12,649.99	12,740.79	12,740.79	7,648,340,000
Jan 05, 2021	12,665.65	12,828.27	12,665.65	12,818.96	12,818.96	6,904,420,000
Jan 04, 2021	12,958.52	12,958.72	12,543.24	12,698.45	12,698.45	6,546,740,000
Dec 31, 2020	12,877.09	12,902.07	12,821.23	12,888.28	12,888.28	4,771,390,000
Dec 30, 2020	12,906.51	12,924.93	12,857.76	12,870.00	12,870.00	5,292,210,000
Dec 29, 2020	12,965.39	12,973.33	12,821.96	12,850.22	12,850.22	4,680,780,000
Dec 28, 2020	12,914.64	12,930.89	12,827.45	12,899.42	12,899.42	5,076,340,000
Dec 24, 2020	12,791.54	12,833.55	12,767.64	12,804.73	12,804.73	3,305,950,000
